776.828,-0.046,0.113,3.142,0,0,0
776.889,-0.046,0.113,3.149,0,0,0
776.940,-0.046,0.113,3.149,0,0,0
776.991,-0.046,0.114,3.159,0,0,0
777.042,-0.046,0.114,3.155,0,0,0
777.093,-0.046,0.114,3.161,0,0,0
777.144,-0.046,0.114,3.166,0,0,0
777.195,-0.046,0.114,3.166,0,0,0
777.246,-0.046,0.113,3.163,0,0,0
777.297,-0.046,0.113,3.163,0,0,0
777.348,-0.046,0.113,3.164,0,0,0
777.399,-0.046,0.113,3.164,0,0,0
777.450,-0.046,0.113,3.157,0,0,0
777.501,-0.046,0.113,3.156,0,0,0
777.552,-0.046,0.113,3.166,0,0,0
777.603,-0.046,0.113,3.157,0,0,0
777.654,-0.046,0.113,3.157,0,0,0
777.705,-0.046,0.113,3.152,0,0,0
777.756,-0.046,0.113,3.156,0,0,0
777.807,-0.046,0.113,3.156,0,0,0
777.858,-0.047,0.113,3.156,0,0,0
777.909,-0.047,0.113,3.149,0,0,0
777.960,-0.047,0.113,3.159,0,0,0
778.011,-0.047,0.113,3.138,0,0,0
778.062,-0.047,0.113,3.155,0,0,0
778.113,-0.047,0.113,3.155,0,0,0
778.164,-0.047,0.113,3.163,0,0,0
778.215,-0.047,0.113,3.152,0,0,0
778.266,-0.047,0.113,3.160,0,0,0
778.317,-0.047,0.113,3.160,0,0,0
778.368,-0.047,0.113,3.163,0,0,0
778.419,-0.048,0.114,3.161,0,0,0
778.470,-0.048,0.114,3.152,0,0,0
778.521,-0.048,0.114,3.162,0,0,0
778.572,-0.048,0.114,3.162,0,0,0
778.623,-0.048,0.114,3.163,0,0,0
778.674,-0.049,0.114,3.155,0,0,0
778.725,-0.049,0.114,3.160,0,0,0
778.776,-0.049,0.114,3.160,0,9,-9
778.827,-0.049,0.114,3.155,0,13,-13
778.878,-0.049,0.114,3.152,0,13,-13
778.929,-0.049,0.114,3.145,0,15,-14
778.980,-0.048,0.113,3.121,0,15,-15
779.031,-0.048,0.113,3.121,0,15,-15
779.082,-0.048,0.113,3.120,0,15,-14
779.133,-0.048,0.113,3.114,0,15,-15
779.184,-0.048,0.113,3.107,1,15,-15
779.235,-0.048,0.113,3.122,-4,15,-14
779.287,-0.049,0.102,3.122,-10,15,-14
779.338,-0.049,0.102,3.134,-11,15,-11
779.389,-0.049,0.102,3.137,-12,16,-11
779.440,-0.049,0.102,3.152,-12,15,-9
779.491,-0.049,0.102,3.152,-12,16,-10
779.542,-0.051,0.068,3.186,-11,15,-9
779.593,-0.051,0.068,3.181,-12,16,-9
779.644,-0.051,0.068,3.204,-12,16,-9
779.696,-0.051,0.068,3.203,-7,15,-10
779.747,-0.051,0.068,3.203,-3,16,-11
779.798,-0.051,0.068,3.204,0,15,-13
779.849,-0.042,0.013,3.175,3,16,-13
779.900,-0.042,0.013,3.172,1,15,-13
779.951,-0.042,0.013,3.172,0,15,-14
780.002,-0.042,0.013,3.153,0,15,-14
780.053,-0.042,0.013,3.146,0,15,-14
780.104,-0.042,0.013,3.141,-1,15,-14
780.155,-0.020,-0.060,3.131,0,15,-15
780.206,-0.020,-0.060,3.131,0,15,-14
780.257,-0.020,-0.060,3.130,0,15,-14
780.308,-0.020,-0.060,3.124,0,15,-14
780.359,-0.020,-0.060,3.119,0,14,-14
780.410,0.003,-0.145,3.119,0,15,-14
780.461,0.003,-0.145,3.119,0,15,-14
780.512,0.003,-0.145,3.114,0,15,-14
780.563,0.003,-0.145,3.089,0,14,-14
780.614,0.003,-0.145,3.090,0,15,-14
780.665,0.003,-0.145,3.090,1,15,-14
780.716,0.030,-0.229,3.078,0,14,-14
780.767,0.030,-0.229,3.081,0,15,-14
780.818,0.030,-0.229,3.081,0,14,-14
780.869,0.030,-0.229,3.067,0,15,-14
780.920,0.030,-0.229,3.067,0,14,-14
780.971,0.030,-0.229,3.079,0,15,-14
781.022,0.046,-0.314,3.066,0,14,-13
781.073,0.046,-0.314,3.060,0,15,-15
781.124,0.046,-0.314,3.060,0,14,-14
781.175,0.046,-0.314,3.054,0,14,-13
781.226,0.046,-0.314,3.045,0,15,-14
781.277,0.053,-0.400,3.048,0,14,-14
781.328,0.053,-0.400,3.059,0,14,-14
781.379,0.053,-0.400,3.059,0,15,-14
781.430,0.053,-0.400,3.051,0,14,-14
781.481,0.053,-0.400,3.038,0,14,-15
781.532,0.053,-0.400,3.056,0,14,-14
781.583,0.059,-0.487,3.056,0,15,-14
781.634,0.059,-0.487,3.050,0,14,-14
781.685,0.059,-0.487,3.029,0,14,-14
781.736,0.059,-0.487,3.041,0,14,-14
781.787,0.059,-0.487,3.043,0,15,-15
781.838,0.065,-0.573,3.043,0,14,-14
781.889,0.065,-0.573,3.058,0,14,-14
781.940,0.065,-0.573,3.042,0,14,-14
781.991,0.065,-0.573,3.034,0,15,-14
782.042,0.065,-0.573,3.034,0,14,-14
782.093,0.065,-0.573,3.048,0,14,-14
782.144,0.070,-0.658,3.046,0,14,-14
782.195,0.070,-0.658,3.062,0,15,-14
782.246,0.070,-0.658,3.062,0,14,-14
782.297,0.070,-0.658,3.062,0,14,-14
782.348,0.070,-0.658,3.053,0,15,-14
782.399,0.070,-0.658,3.049,0,14,-14
782.450,0.074,-0.743,3.032,0,14,-14
782.501,0.074,-0.743,3.058,0,14,-14
782.552,0.074,-0.743,3.052,0,14,-14
782.603,0.074,-0.743,3.070,0,14,-14
782.654,0.074,-0.743,3.060,0,14,-14
782.705,0.078,-0.828,3.057,0,14,-15
782.756,0.078,-0.828,3.057,0,14,-14
782.807,0.078,-0.828,3.081,0,14,-14
782.858,0.078,-0.828,3.089,0,15,-14
782.909,0.078,-0.828,3.083,0,14,-14
782.960,0.078,-0.828,3.099,0,14,-14
783.011,0.082,-0.912,3.099,0,14,-14
783.062,0.082,-0.912,3.093,0,14,-14
783.113,0.082,-0.912,3.100,0,14,-14
783.164,0.082,-0.912,3.113,0,14,-14
783.215,0.082,-0.912,3.113,0,14,-14
783.266,0.082,-0.912,3.118,0,14,-14
783.317,0.087,-1.001,3.127,0,15,-15
783.368,0.087,-1.001,3.123,0,14,-14
783.419,0.087,-1.001,3.133,0,14,-14
783.470,0.087,-1.001,3.133,0,14,-14
783.521,0.087,-1.001,3.118,0,14,-14
783.572,0.092,-1.091,3.141,0,14,-14
783.623,0.092,-1.091,3.157,0,14,-14
783.674,0.092,-1.091,3.157,0,14,-14
783.725,0.092,-1.091,3.135,0,15,-14
783.776,0.092,-1.091,3.160,0,14,-14
783.827,0.092,-1.091,3.169,0,14,-14
783.878,0.092,-1.180,3.183,0,14,-14
783.929,0.092,-1.180,3.183,0,14,-14
783.980,0.092,-1.180,3.176,0,14,-15
784.031,0.092,-1.180,3.170,0,14,-14
784.082,0.092,-1.180,3.191,0,14,-14
784.133,0.092,-1.180,3.191,0,14,-14
784.184,0.090,-1.270,3.191,0,14,-14
784.235,0.090,-1.270,3.213,0,14,-13
784.286,0.090,-1.270,3.184,0,15,-14
784.337,0.090,-1.270,3.213,1,14,-15
784.389,0.090,-1.270,3.213,7,13,-14
784.440,0.090,-1.270,3.213,12,10,-15
784.491,0.090,-1.270,3.205,13,7,-15
784.542,0.090,-1.270,3.202,15,5,-15
784.593,0.090,-1.270,3.173,15,4,-15
784.644,0.090,-1.270,3.173,16,6,-16
784.695,0.090,-1.270,3.166,15,6,-15
784.746,0.092,-1.377,3.144,15,6,-16
784.797,0.092,-1.377,3.127,16,6,-15
784.848,0.092,-1.377,3.127,15,6,-16
784.899,0.092,-1.377,3.128,15,6,-16
784.950,0.092,-1.377,3.115,16,5,-15
785.001,0.092,-1.377,3.106,15,6,-16
785.052,0.080,-1.478,3.090,16,6,-16
785.103,0.080,-1.478,3.090,15,6,-15
785.154,0.080,-1.478,3.080,16,6,-16
785.205,0.080,-1.478,3.067,15,7,-16
785.256,0.080,-1.478,3.063,16,5,-16
785.307,0.055,-1.574,3.063,16,5,-16
785.358,0.055,-1.574,3.054,15,6,-15
785.409,0.055,-1.574,3.040,16,6,-16
785.460,0.055,-1.574,3.028,16,6,-16
785.511,0.055,-1.574,3.020,16,6,-16
785.562,0.055,-1.574,3.020,15,7,-16
785.613,0.002,-1.662,3.010,16,6,-16
785.664,0.002,-1.662,2.994,16,6,-16
785.767,0.002,-1.662,2.953,14,9,-16
785.818,0.002,-1.662,2.956,13,11,-15
785.869,-0.066,-1.718,2.948,11,12,-16
785.920,-0.066,-1.718,2.932,10,11,-16
785.971,-0.066,-1.718,2.923,9,11,-16
786.022,-0.066,-1.718,2.923,9,12,-17
786.074,-0.066,-1.718,2.894,-7,-6,-16
786.125,-0.066,-1.718,3.000,-12,-8,-18
786.176,-0.142,-1.770,3.092,5,7,-16
786.227,-0.142,-1.770,3.099,7,11,-14
786.278,-0.142,-1.770,3.099,6,12,-15
786.329,-0.142,-1.770,3.102,7,12,-16
786.380,-0.142,-1.770,3.099,7,13,-16
786.431,-0.142,-1.770,3.087,8,12,-16
786.482,-0.217,-1.821,3.087,7,12,-16
786.533,-0.217,-1.821,3.081,6,12,-17
786.584,-0.217,-1.821,3.094,7,12,-16
786.635,-0.217,-1.821,3.089,6,11,-16
786.686,-0.217,-1.821,3.102,7,12,-16
786.737,-0.274,-1.874,3.102,7,11,-16
786.788,-0.274,-1.874,3.106,6,12,-16
786.839,-0.274,-1.874,3.107,6,11,-17
786.890,-0.274,-1.874,3.104,6,11,-16
786.941,-0.274,-1.874,3.104,6,11,-16
786.992,-0.274,-1.874,3.121,7,11,-16
787.043,-0.333,-1.934,3.108,7,11,-16
787.094,-0.333,-1.934,3.126,6,11,-17
787.145,-0.333,-1.934,3.146,6,12,-16
787.196,-0.333,-1.934,3.146,6,10,-16
787.247,-0.333,-1.934,3.140,6,12,-16
787.299,-0.333,-1.934,3.153,6,11,-17
787.350,-0.386,-2.000,3.147,7,11,-16
787.402,-0.386,-2.000,3.165,7,11,-16
787.453,-0.386,-2.000,3.165,5,11,-17
787.504,-0.386,-2.000,3.171,6,11,-16
787.555,-0.386,-2.000,3.172,6,11,-16
787.606,-0.437,-2.066,3.189,6,11,-16
787.657,-0.437,-2.066,3.189,7,11,-16
787.708,-0.437,-2.066,3.187,7,11,-17
787.759,-0.437,-2.066,3.201,6,11,-16
787.810,-0.437,-2.066,3.198,6,11,-16
787.861,-0.437,-2.066,3.212,6,10,-16
787.912,-0.437,-2.066,3.212,6,11,-16
787.963,-0.437,-2.066,3.204,7,12,-17
788.014,-0.437,-2.066,3.216,6,11,-16
788.065,-0.437,-2.066,3.219,7,11,-16
788.116,-0.437,-2.066,3.219,0,11,-16
788.167,-0.437,-2.066,3.239,-2,13,-16
788.218,-0.506,-2.153,3.253,-1,14,-16
788.269,-0.506,-2.153,3.265,0,13,-15
788.320,-0.506,-2.153,3.282,0,14,-16
788.371,-0.506,-2.153,3.282,0,14,-15
788.422,-0.506,-2.153,3.288,1,14,-15
788.473,-0.506,-2.153,3.294,1,13,-16
788.524,-0.506,-2.153,3.291,0,14,-15
788.575,-0.506,-2.153,3.291,-1,14,-15
788.626,-0.506,-2.153,3.321,0,14,-16
788.677,-0.506,-2.153,3.317,0,14,-15
788.728,-0.506,-2.153,3.323,0,13,-15
788.779,-0.585,-2.251,3.337,0,14,-15
788.830,-0.585,-2.251,3.337,0,14,-15
788.881,-0.585,-2.251,3.352,-4,14,-14
788.932,-0.585,-2.251,3.368,-8,15,-14
788.983,-0.585,-2.251,3.388,-8,15,-14
789.034,-0.657,-2.360,3.410,-11,14,-11
789.086,-0.657,-2.360,3.410,-14,16,-8
789.137,-0.657,-2.360,3.443,-14,15,-6
789.188,-0.657,-2.360,3.441,-15,15,-5
789.239,-0.657,-2.360,3.470,-16,15,-5
789.290,-0.657,-2.360,3.470,-15,15,-6
789.341,-0.719,-2.478,3.461,-16,16,-6
789.392,-0.719,-2.478,3.491,-16,15,-6
789.443,-0.719,-2.478,3.500,-15,15,-6
789.494,-0.719,-2.478,3.531,-16,16,-7
789.545,-0.719,-2.478,3.531,-15,15,-6
789.596,-0.719,-2.478,3.537,-16,15,-5
789.647,-0.719,-2.478,3.551,-15,16,-6
789.698,-0.719,-2.478,3.564,-16,15,-6
789.749,-0.719,-2.478,3.564,-16,16,-5
789.800,-0.719,-2.478,3.594,-15,16,-6
789.851,-0.719,-2.478,3.596,-16,15,-6
789.902,-0.726,-2.597,3.610,-16,16,-5
789.953,-0.726,-2.597,3.617,-16,15,-6
790.004,-0.726,-2.597,3.617,-16,16,-6
790.055,-0.726,-2.597,3.635,-15,16,-6
790.106,-0.726,-2.597,3.668,-16,15,-6
790.157,-0.726,-2.597,3.669,-16,16,-6
790.208,-0.726,-2.597,3.669,-16,15,-6
790.259,-0.726,-2.597,3.685,-16,16,-6
790.310,-0.726,-2.597,3.693,-15,16,-6
790.361,-0.726,-2.597,3.706,-16,16,-5
790.412,-0.726,-2.597,3.721,-16,15,-6
790.463,-0.726,-2.597,3.721,-16,16,-6
790.514,-0.674,-2.723,3.754,-16,16,-6
790.565,-0.674,-2.723,3.751,-16,16,-6
790.616,-0.674,-2.723,3.788,-16,16,-6
790.667,-0.674,-2.723,3.787,-16,15,-6
790.718,-0.674,-2.723,3.787,-16,16,-6
790.769,-0.611,-2.834,3.809,-16,16,-6
790.820,-0.611,-2.834,3.820,-15,16,-6
790.871,-0.611,-2.834,3.844,-16,16,-6
790.922,-0.611,-2.834,3.844,-17,16,-5
790.973,-0.611,-2.834,3.841,-15,15,-6
791.024,-0.611,-2.834,3.879,-16,16,-6
791.075,-0.611,-2.834,3.879,-16,16,-6
791.127,-0.611,-2.834,3.894,-17,16,-4
791.178,-0.611,-2.834,3.894,-15,16,0
791.230,-0.611,-2.834,3.891,-17,17,5
791.283,-0.611,-2.834,3.865,-16,16,6
791.335,-0.486,-2.948,3.846,-16,15,8
791.386,-0.486,-2.948,3.811,-16,13,11
791.437,-0.486,-2.948,3.811,-16,13,11
791.488,-0.486,-2.948,3.774,-16,12,10
791.539,-0.486,-2.948,3.748,-16,11,10
791.590,-0.486,-2.948,3.719,-16,11,11
791.641,-0.486,-2.948,3.719,-16,10,9
791.692,-0.486,-2.948,3.705,-16,10,9
791.743,-0.486,-2.948,3.696,-16,10,9
791.794,-0.486,-2.948,3.693,-17,9,9
791.845,-0.486,-2.948,3.682,-16,9,8
791.896,-0.486,-2.948,3.682,-16,9,9
791.947,-0.359,-3.018,3.658,-16,9,8
791.998,-0.359,-3.018,3.650,-16,8,9
792.049,-0.359,-3.018,3.650,-16,9,8
792.100,-0.359,-3.018,3.650,-16,9,8
792.151,-0.359,-3.018,3.638,-16,8,8
792.202,-0.226,-3.046,3.654,-16,9,9
792.253,-0.226,-3.046,3.633,-16,8,8
792.304,-0.226,-3.046,3.644,-17,8,8
792.355,-0.226,-3.046,3.644,-16,9,8
792.406,-0.226,-3.046,3.635,-16,8,8
792.457,-0.226,-3.046,3.632,-16,8,8
792.508,-0.074,-3.053,3.630,-16,8,9
792.559,-0.074,-3.053,3.630,-16,9,8
792.610,-0.074,-3.053,3.639,-17,8,8
792.661,-0.074,-3.053,3.622,-16,8,8
792.712,-0.074,-3.053,3.624,-16,9,8
792.763,-0.074,-3.053,3.637,-16,8,8
792.814,0.041,-3.032,3.637,-16,7,8
792.865,0.041,-3.032,3.620,-16,9,9
792.916,0.041,-3.032,3.602,-16,8,8
792.967,0.041,-3.032,3.598,-17,8,8
793.018,0.041,-3.032,3.607,-16,8,8
793.069,0.149,-3.010,3.607,-16,9,8
793.120,0.149,-3.010,3.603,-16,8,8
793.171,0.149,-3.010,3.603,-16,8,8
793.222,0.149,-3.010,3.621,-16,8,8
793.273,0.149,-3.010,3.621,-16,8,8
793.324,0.149,-3.010,3.626,-17,8,8
793.375,0.149,-3.010,3.601,-16,8,8
793.426,0.149,-3.010,3.616,-16,8,8
793.477,0.149,-3.010,3.604,-16,9,9
793.528,0.149,-3.010,3.604,-16,8,8
793.579,0.149,-3.010,3.587,-16,8,7
793.630,0.149,-3.010,3.585,-16,8,9
793.681,0.260,-2.989,3.590,-17,8,8
793.732,0.260,-2.989,3.590,-16,8,8
793.783,0.260,-2.989,3.571,-16,8,8
793.834,0.260,-2.989,3.574,-16,9,8
793.885,0.260,-2.989,3.597,-17,8,8
793.937,0.368,-2.970,3.595,-16,4,11
793.989,0.368,-2.970,3.595,-17,-6,13
794.040,0.368,-2.970,3.607,-16,-9,13
794.091,0.368,-2.970,3.653,-16,-9,15
794.142,0.368,-2.970,3.668,-16,-9,15
794.193,0.368,-2.970,3.668,-16,-9,16
794.295,0.479,-2.955,3.728,-16,-7,15
794.346,0.479,-2.955,3.756,-16,-7,16
794.397,0.479,-2.955,3.791,-16,-7,15
794.448,0.479,-2.955,3.791,-17,-7,16
794.499,0.580,-2.926,3.816,-16,-7,15
794.550,0.580,-2.926,3.844,-16,-6,15
794.601,0.580,-2.926,3.847,-16,-6,16
794.705,0.580,-2.926,3.881,-16,-5,16
794.756,0.580,-2.926,3.898,-17,0,15
794.807,0.580,-2.926,3.907,-15,0,16
794.858,0.580,-2.926,3.894,-17,0,16
794.909,0.580,-2.926,3.894,-16,-1,16
794.960,0.580,-2.926,3.899,-16,-1,15
795.011,0.580,-2.926,3.926,-17,1,16
795.063,0.580,-2.926,3.909,-16,6,15
795.114,0.659,-2.865,3.895,-15,10,13
795.165,0.659,-2.865,3.895,-17,10,12
795.216,0.659,-2.865,3.877,-16,10,11
795.267,0.659,-2.865,3.858,-16,10,10
795.318,0.659,-2.865,3.864,-16,10,9
795.369,0.730,-2.784,3.864,-17,9,9
795.420,0.730,-2.784,3.864,-16,10,9
795.471,0.730,-2.784,3.827,-16,9,8
795.522,0.730,-2.784,3.829,-17,8,9
795.574,0.730,-2.784,3.837,-16,1,12
795.626,0.730,-2.784,3.837,-16,-7,13
795.677,0.800,-2.693,3.868,-17,-7,15
795.728,0.800,-2.693,3.892,-16,-7,14
795.779,0.800,-2.693,3.917,-16,-8,15
795.830,0.800,-2.693,3.952,-16,-6,16
795.881,0.800,-2.693,3.952,-16,-7,15
795.932,0.800,-2.693,3.974,-17,-5,16
795.983,0.878,-2.609,4.009,-16,-6,15
796.034,0.878,-2.609,4.025,-16,-6,15
796.085,0.878,-2.609,4.025,-16,-6,16
796.136,0.878,-2.609,4.040,-16,-5,16
796.187,0.878,-2.609,4.060,-16,-5,15
796.238,0.943,-2.546,4.073,-16,-5,16
796.289,0.943,-2.546,4.087,-16,-5,15
796.340,0.943,-2.546,4.087,-17,-5,16
796.391,0.943,-2.546,4.115,-16,-5,16
796.442,0.943,-2.546,4.136,-16,-5,15
796.493,0.943,-2.546,4.158,-16,-5,16
796.544,1.003,-2.480,4.158,-17,-5,16
796.595,1.003,-2.480,4.190,-16,-4,15
796.646,1.003,-2.480,4.199,-16,-6,16
796.697,1.003,-2.480,4.207,-16,-6,16
796.748,1.003,-2.480,4.239,-16,-7,15
796.799,1.003,-2.480,4.239,-17,-6,16
796.850,1.046,-2.405,4.241,-16,-7,16
796.901,1.046,-2.405,4.266,-16,-6,16
796.952,1.046,-2.405,4.273,-16,-6,16
797.003,1.046,-2.405,4.310,-16,-6,16
797.105,1.073,-2.320,4.328,-16,-6,16
797.157,1.073,-2.320,4.346,-16,-6,16
797.208,1.073,-2.320,4.344,-16,-5,16
797.259,1.073,-2.320,4.344,-17,-5,16
797.311,1.073,-2.320,4.367,-16,-5,16
797.362,1.073,-2.320,4.372,-17,-5,16
797.464,1.073,-2.320,4.416,-16,-5,16
797.515,1.073,-2.320,4.416,-5,-10,16
797.617,1.073,-2.320,4.421,0,-13,15
797.668,1.086,-2.215,4.400,10,-14,13
797.719,1.086,-2.215,4.400,14,-15,11
797.770,1.086,-2.215,4.372,15,-15,9
797.821,1.086,-2.215,4.312,15,-15,8
797.872,1.086,-2.215,4.296,15,-15,7
797.923,1.086,-2.215,4.262,16,-15,7
797.974,1.085,-2.104,4.262,15,-15,7
798.025,1.085,-2.104,4.237,16,-16,7
798.078,1.085,-2.104,4.215,1,-15,10
798.129,1.085,-2.104,4.202,0,-16,13
798.180,1.085,-2.104,4.193,2,-14,14
798.231,1.085,-2.104,4.193,-1,-15,14
798.282,1.055,-2.013,4.212,1,-15,15
798.333,1.055,-2.013,4.168,0,-15,14
798.384,1.055,-2.013,4.192,-1,-15,15
798.435,1.055,-2.013,4.192,0,-14,15
798.486,1.055,-2.013,4.176,0,-15,14
798.537,1.002,-1.935,4.160,0,-15,15
798.588,1.002,-1.935,4.171,0,-14,14
798.639,1.002,-1.935,4.159,0,-15,15
798.690,1.002,-1.935,4.159,0,-14,14
798.741,1.002,-1.935,4.169,0,-15,14
798.843,0.939,-1.879,4.155,0,-15,15
798.894,0.939,-1.879,4.155,0,-14,14
798.945,0.939,-1.879,4.140,0,-15,14
798.996,0.939,-1.879,4.136,0,-14,14
799.047,0.939,-1.879,4.113,0,-15,15
799.098,0.939,-1.879,4.101,0,-14,14
799.149,0.864,-1.836,4.101,0,-15,14
799.200,0.864,-1.836,4.106,1,-14,14
799.251,0.864,-1.836,4.097,0,-14,15
799.302,0.864,-1.836,4.090,0,-15,14
799.353,0.864,-1.836,4.090,0,-14,14
799.404,0.798,-1.779,4.101,0,-14,14
799.455,0.798,-1.779,4.077,0,-15,14
799.506,0.798,-1.779,4.064,0,-14,14
799.557,0.798,-1.779,4.046,0,-14,14
799.608,0.798,-1.779,4.046,0,-14,14
799.659,0.798,-1.779,4.034,0,-15,14
799.762,0.736,-1.715,4.052,-11,-11,15
799.813,0.736,-1.715,4.052,-14,-7,15
799.864,0.736,-1.715,4.052,-15,-5,15
799.915,0.736,-1.715,4.081,-15,-5,15
799.966,0.736,-1.715,4.076,-15,-5,15
800.017,0.674,-1.651,4.104,-16,-6,16
800.068,0.674,-1.651,4.104,-15,-6,15
800.119,0.674,-1.651,4.109,-16,-6,15
800.170,0.674,-1.651,4.130,-16,-5,16
800.222,0.674,-1.651,4.133,-12,-9,15
800.273,0.621,-1.584,4.152,-1,-11,16
800.324,0.621,-1.584,4.152,-1,-13,15
800.375,0.621,-1.584,4.126,0,-14,15
800.426,0.621,-1.584,4.114,0,-14,15
800.477,0.621,-1.584,4.091,1,-14,15
800.528,0.621,-1.584,4.091,0,-14,14
800.579,0.586,-1.509,4.102,0,-14,15
800.630,0.586,-1.509,4.084,0,-15,14
800.681,0.586,-1.509,4.049,0,-14,15
800.784,0.586,-1.509,4.044,-9,-12,15
800.835,0.551,-1.436,4.021,-13,-11,15
800.886,0.551,-1.436,4.038,-13,-9,16
800.937,0.551,-1.436,4.077,-14,-9,15
800.988,0.551,-1.436,4.095,-14,-8,16
801.039,0.551,-1.436,4.095,-14,-8,15
801.090,0.551,-1.436,4.095,-14,-7,16
801.141,0.515,-1.364,4.117,-13,-8,15
801.192,0.515,-1.364,4.144,-14,-8,16
801.244,0.515,-1.364,4.144,1,-12,16
801.295,0.515,-1.364,4.129,0,-12,15
801.346,0.515,-1.364,4.116,-1,-13,15
801.397,0.515,-1.364,4.111,2,-14,15
801.448,0.478,-1.292,4.083,1,-14,15
801.499,0.478,-1.292,4.083,-1,-14,14
801.550,0.478,-1.292,4.060,1,-14,15
801.601,0.478,-1.292,4.066,0,-14,15
801.652,0.478,-1.292,4.054,-1,-14,14
801.703,0.422,-1.212,4.054,0,-14,15
801.754,0.422,-1.212,4.038,0,-14,14
801.805,0.422,-1.212,4.027,0,-14,15
801.856,0.422,-1.212,4.027,11,2,15
801.907,0.422,-1.212,3.886,15,3,17
801.958,0.422,-1.212,3.886,16,0,16
802.009,0.364,-1.138,3.787,2,-11,14
802.060,0.364,-1.138,3.770,0,-14,13
802.111,0.364,-1.138,3.764,0,-15,14
802.162,0.364,-1.138,3.764,0,-14,14
802.213,0.364,-1.138,3.788,0,-15,15
802.264,0.364,-1.138,3.779,0,-14,14
802.315,0.302,-1.067,3.754,-1,-15,15
802.366,0.302,-1.067,3.762,-1,-14,14
802.417,0.302,-1.067,3.762,0,-15,15
802.468,0.302,-1.067,3.752,0,-14,14
802.519,0.302,-1.067,3.778,1,-15,15
802.570,0.240,-1.008,3.728,10,1,15
802.621,0.240,-1.008,3.612,15,1,17
802.672,0.240,-1.008,3.612,2,-10,14
802.723,0.240,-1.008,3.586,1,-14,13
802.774,0.240,-1.008,3.574,-1,-13,14
802.825,0.240,-1.008,3.581,0,-15,14
802.928,0.180,-0.965,3.571,11,-1,16
802.979,0.180,-0.965,3.472,1,-8,16
803.030,0.180,-0.965,3.474,0,-15,14
803.081,0.180,-0.965,3.476,1,-14,14
803.132,0.180,-0.965,3.476,0,-14,14
803.183,0.126,-0.914,3.474,0,-15,14
803.234,0.126,-0.914,3.495,-2,-14,14
803.285,0.126,-0.914,3.453,10,0,15
803.336,0.126,-0.914,3.453,15,0,18
803.388,0.126,-0.914,3.342,1,-11,14
803.439,0.084,-0.860,3.306,0,-14,13
803.490,0.084,-0.860,3.315,1,-14,14
803.541,0.084,-0.860,3.331,-1,-15,15
803.592,0.084,-0.860,3.331,1,-15,14
803.643,0.084,-0.860,3.330,0,-15,15
803.694,0.084,-0.860,3.338,0,-15,15
803.745,0.042,-0.794,3.303,-1,-15,14
803.796,0.042,-0.794,3.326,0,-14,15
803.847,0.042,-0.794,3.326,0,-15,14
803.898,0.042,-0.794,3.323,0,-15,14
803.949,0.042,-0.794,3.337,0,-14,15
804.000,0.006,-0.724,3.347,0,-15,14
804.051,0.006,-0.724,3.347,0,-15,14
804.102,0.006,-0.724,3.346,0,-14,15
804.153,0.006,-0.724,3.353,11,1,15
804.205,0.006,-0.724,3.250,16,1,17
804.256,0.006,-0.724,3.132,15,2,16
804.307,-0.025,-0.649,3.132,16,3,15
804.358,-0.025,-0.649,3.036,15,1,16
804.409,-0.025,-0.649,2.917,16,2,15
804.460,-0.025,-0.649,2.818,16,1,15
804.511,-0.025,-0.649,2.818,15,1,16
804.562,-0.025,-0.649,2.708,2,-9,15
804.613,-0.053,-0.570,2.676,1,-13,13
804.664,-0.053,-0.570,2.664,1,-14,14
804.715,-0.053,-0.570,2.655,-1,-15,14
804.766,-0.053,-0.570,2.655,-1,-14,14
804.817,-0.053,-0.570,2.665,-9,-15,0
804.868,-0.075,-0.496,2.756,-16,-17,-3
804.920,-0.075,-0.496,2.859,-1,-15,11
804.971,-0.075,-0.496,2.855,1,-14,15
805.022,-0.075,-0.496,2.855,1,-13,14
805.073,-0.075,-0.496,2.877,0,-15,14
805.124,-0.075,-0.496,2.878,-1,-14,15
805.175,-0.079,-0.424,2.873,0,-15,15
805.226,-0.079,-0.424,2.873,0,-14,15
805.277,-0.079,-0.424,2.873,0,-15,15
805.328,-0.079,-0.424,2.878,0,-15,15
805.379,-0.079,-0.424,2.881,0,-14,15
805.430,-0.079,-0.424,2.928,-10,-16,-2
805.481,-0.071,-0.357,2.928,-2,-16,11
805.532,-0.071,-0.357,2.962,-1,-13,14
805.583,-0.071,-0.357,2.971,-1,-14,14
805.685,-0.071,-0.357,2.965,0,-15,14
805.736,-0.056,-0.287,2.983,-2,-15,13
805.787,-0.056,-0.287,2.984,-3,-15,14
805.838,-0.056,-0.287,3.007,-1,-15,14
805.889,-0.056,-0.287,3.004,1,-15,15
805.940,-0.056,-0.287,3.004,0,-14,14
805.991,-0.056,-0.287,3.025,-1,-15,15
806.094,-0.036,-0.214,3.140,-15,-16,-3
806.145,-0.036,-0.214,3.140,-1,0,4
806.196,-0.036,-0.214,3.197,1,0,2
806.247,-0.036,-0.214,3.157,-2,-1,-4
806.298,-0.036,-0.214,3.196,0,1,-1
806.349,-0.023,-0.135,3.193,0,0,2
806.400,-0.023,-0.135,3.193,0,-1,1
806.451,-0.023,-0.135,3.168,0,0,-1
806.502,-0.023,-0.135,3.176,0,0,0
806.553,-0.023,-0.135,3.182,1,0,0
806.604,-0.012,-0.067,3.182,1,0,0
806.655,-0.012,-0.067,3.182,0,0,0
806.706,-0.012,-0.067,3.178,0,0,0
806.757,-0.012,-0.067,3.161,0,0,0
806.808,-0.012,-0.067,3.181,0,0,0
806.859,-0.012,-0.067,3.181,0,0,1
806.910,-0.003,-0.020,3.175,0,0,0
806.961,-0.003,-0.020,3.179,0,0,0
807.012,-0.003,-0.020,3.179,-1,0,0
807.063,-0.003,-0.020,3.185,0,0,0
807.114,-0.003,-0.020,3.185,0,0,0
807.165,0.000,0.007,3.190,0,0,0
807.216,0.000,0.007,3.182,0,0,0
807.267,0.000,0.007,3.172,0,1,0
807.318,0.000,0.007,3.172,0,1,0
807.369,0.000,0.007,3.186,0,0,0
807.420,0.000,0.007,3.167,0,0,0
807.471,0.002,0.013,3.179,0,0,0
807.522,0.002,0.013,3.182,0,0,0
807.573,0.002,0.013,3.182,0,0,0
807.624,0.002,0.013,3.178,0,0,0
807.675,0.002,0.013,3.171,0,0,0
807.726,0.002,0.013,3.168,0,0,0
807.777,0.002,0.014,3.168,0,0,0
807.828,0.002,0.014,3.157,0,0,0
807.879,0.002,0.014,3.168,0,0,0
807.930,0.002,0.014,3.179,0,0,0
807.981,0.002,0.014,3.165,0,0,0
808.032,0.002,0.014,3.165,0,-1,0
808.083,0.002,0.014,3.161,0,0,0
808.134,0.002,0.014,3.165,0,0,0
808.185,0.002,0.014,3.164,0,0,0
808.236,0.002,0.014,3.164,0,0,0
808.287,0.002,0.014,3.183,0,0,0
808.338,0.002,0.014,3.182,0,0,0
808.389,0.002,0.014,3.172,0,0,0
808.440,0.002,0.014,3.168,0,0,0
808.491,0.002,0.014,3.168,0,0,0
808.542,0.002,0.014,3.155,0,0,0
808.593,0.002,0.014,3.179,0,0,0
808.644,0.002,0.014,3.171,0,0,0
808.695,0.002,0.014,3.165,0,0,0
808.746,0.002,0.014,3.165,0,0,0
808.797,0.002,0.014,3.168,0,0,0
808.848,0.002,0.014,3.178,0,0,0
808.899,0.002,0.014,3.183,0,0,0
808.950,0.002,0.014,3.183,0,0,0
809.001,0.002,0.014,3.172,0,0,0
809.052,0.002,0.014,3.179,0,0,0
809.103,0.002,0.014,3.179,0,0,0
809.154,0.002,0.014,3.182,0,0,0
809.205,0.002,0.013,3.182,0,0,0
809.256,0.002,0.013,3.165,0,0,0
809.307,0.002,0.013,3.175,1,0,0
809.358,0.002,0.013,3.161,0,0,0
809.409,0.002,0.013,3.161,0,0,0
809.460,0.002,0.013,3.164,0,0,0
809.511,0.002,0.014,3.179,0,0,0
809.562,0.002,0.014,3.161,0,0,0
809.613,0.002,0.014,3.175,0,0,0
809.664,0.002,0.014,3.175,0,0,-1
809.715,0.002,0.014,3.179,0,0,0
809.766,0.002,0.014,3.157,0,0,0
809.817,0.002,0.014,3.175,0,0,0
809.868,0.002,0.014,3.175,0,0,0
809.919,0.002,0.014,3.175,0,0,0
809.970,0.002,0.014,3.171,0,0,0
810.021,0.002,0.014,3.172,0,0,0
810.072,0.002,0.014,3.175,0,0,0
810.123,0.002,0.014,3.175,0,0,0
810.174,0.002,0.014,3.164,0,0,0
810.225,0.002,0.014,3.172,0,0,0
810.276,0.002,0.014,3.171,0,0,0
810.327,0.002,0.014,3.183,0,0,0
810.378,0.002,0.014,3.183,0,0,0
810.429,0.002,0.014,3.175,0,0,0
810.480,0.002,0.014,3.160,0,0,0
810.531,0.002,0.014,3.175,0,0,0
810.582,0.002,0.014,3.175,0,0,0
810.633,0.002,0.014,3.167,0,0,0
810.684,0.002,0.014,3.179,0,0,0
810.735,0.002,0.014,3.175,0,0,0
810.786,0.002,0.014,3.168,0,0,0
810.837,0.002,0.014,3.168,0,0,0
810.888,0.002,0.014,3.178,0,0,0
810.939,0.001,0.014,3.165,0,0,0
810.990,0.001,0.014,3.174,0,0,0
811.041,0.001,0.014,3.174,0,0,0
811.092,0.001,0.014,3.179,0,0,0
811.143,0.001,0.014,3.175,0,0,0
811.194,0.001,0.014,3.186,0,0,0
811.245,0.001,0.014,3.168,0,0,0
811.296,0.001,0.014,3.168,0,1,0
811.347,0.001,0.014,3.165,0,0,0
811.398,0.001,0.014,3.178,0,0,0
811.449,0.001,0.014,3.165,0,0,0
811.500,0.001,0.014,3.165,0,0,0
811.551,0.001,0.014,3.165,0,0,0
811.602,0.001,0.014,3.171,0,0,0
811.653,0.001,0.014,3.175,0,0,0
811.704,0.001,0.014,3.160,0,0,0
811.755,0.001,0.014,3.160,0,0,0
811.806,0.001,0.014,3.182,0,0,0
811.857,0.001,0.014,3.172,0,0,0
811.908,0.001,0.014,3.162,0,0,0
811.959,0.001,0.014,3.162,0,0,0
812.010,0.001,0.014,3.171,0,0,0
812.061,0.002,0.014,3.190,0,0,0
812.112,0.002,0.014,3.168,0,0,0
812.163,0.002,0.014,3.164,0,0,0
812.214,0.002,0.014,3.164,0,0,0
812.265,0.002,0.014,3.175,0,0,0
812.316,0.002,0.014,3.178,0,0,0
812.367,0.002,0.014,3.174,0,0,0
812.418,0.002,0.014,3.168,0,0,0
812.469,0.002,0.014,3.168,0,0,0
812.520,0.002,0.014,3.175,0,0,0
812.571,0.002,0.014,3.168,0,0,0
812.622,0.002,0.014,3.170,0,0,0
812.673,0.003,0.014,3.170,0,0,0
812.724,0.003,0.014,3.175,0,0,0
812.775,0.003,0.014,3.167,0,0,0
812.826,0.003,0.014,3.179,0,0,0
812.877,0.003,0.014,3.161,0,0,0
812.928,0.004,0.014,3.161,0,0,0
812.979,0.004,0.014,3.172,0,0,0
813.030,0.004,0.014,3.175,0,0,0
813.081,0.004,0.014,3.182,0,0,0
813.132,0.004,0.014,3.182,0,0,0
813.183,0.004,0.014,3.179,0,0,0
813.234,0.004,0.014,3.171,0,0,0
813.285,0.004,0.014,3.176,0,0,0
813.336,0.004,0.014,3.175,0,0,0
813.387,0.004,0.014,3.175,0,0,0
813.438,0.004,0.014,3.175,0,0,0
813.489,0.004,0.014,3.167,0,0,0
813.540,0.004,0.013,3.168,0,0,0
813.591,0.004,0.013,3.168,0,0,0
813.642,0.004,0.013,3.158,0,0,0
813.693,0.004,0.013,3.157,0,0,0
813.744,0.004,0.013,3.171,0,0,0
813.795,0.004,0.013,3.189,0,0,0
813.846,0.004,0.013,3.189,0,0,0
813.897,0.004,0.013,3.167,0,0,0
813.948,0.004,0.013,3.171,0,0,0
813.999,0.004,0.013,3.168,0,0,0
814.050,0.004,0.013,3.168,0,0,0
814.101,0.003,0.013,3.168,0,0,0
814.152,0.003,0.013,3.182,0,0,0
814.203,0.003,0.013,3.143,0,0,0
814.254,0.003,0.013,3.172,0,0,0
814.305,0.003,0.013,3.172,0,0,0
814.356,0.003,0.013,3.175,0,0,0
814.407,0.003,0.013,3.164,0,0,0
814.458,0.003,0.013,3.186,0,0,0
814.509,0.003,0.013,3.155,0,0,0
814.560,0.003,0.013,3.155,0,0,0
814.611,0.003,0.013,3.172,0,0,0
814.662,0.003,0.014,3.167,0,0,0
814.713,0.003,0.014,3.164,0,0,0
814.764,0.003,0.014,3.164,0,0,0
814.815,0.003,0.014,3.164,0,0,0
814.866,0.003,0.014,3.158,0,0,0
814.917,0.003,0.014,3.182,0,0,0
814.968,0.002,0.014,3.168,10,-10,5
815.019,0.002,0.014,3.168,14,-14,8
815.070,0.002,0.014,3.098,15,-14,7
815.121,0.002,0.014,3.076,15,-14,7
815.172,0.002,0.014,3.070,16,-15,6
815.223,0.002,0.014,3.070,16,-15,6
815.274,0.002,0.014,3.034,15,-16,7
815.325,0.002,0.014,3.036,16,-15,6
815.376,0.002,0.014,3.029,16,-16,5
815.427,0.002,0.014,3.005,15,-15,7
815.478,0.002,0.014,3.005,16,-16,6
815.529,-0.007,0.026,3.004,16,-15,6
815.580,-0.007,0.026,2.980,16,-15,7
815.631,-0.007,0.026,2.976,15,-16,6
815.734,-0.007,0.026,2.962,2,-15,10
815.785,-0.007,0.026,2.950,3,-16,13
815.836,-0.034,0.057,2.955,3,-15,13
815.887,-0.034,0.057,2.945,0,-15,14
815.938,-0.034,0.057,2.945,0,-15,14
815.989,-0.034,0.057,2.964,0,-15,14
816.040,-0.034,0.057,2.971,0,-15,15
816.091,-0.067,0.110,2.981,-1,-15,14
816.142,-0.067,0.110,2.982,0,-15,14
816.193,-0.067,0.110,2.982,0,-15,14
816.244,-0.067,0.110,3.006,0,-15,14
816.295,-0.067,0.110,3.002,0,-15,14
816.347,-0.067,0.110,3.009,11,-15,11
816.398,-0.098,0.184,3.009,14,-15,7
816.449,-0.098,0.184,3.008,15,-15,7
816.500,-0.098,0.184,2.995,15,-15,5
816.551,-0.098,0.184,2.994,15,-16,6
816.602,-0.098,0.184,2.983,16,-15,6
816.653,-0.098,0.184,2.983,16,-16,6
816.704,-0.113,0.267,2.979,16,-15,5
816.755,-0.113,0.267,2.982,15,-16,6
816.806,-0.113,0.267,2.959,16,-15,7
816.857,-0.113,0.267,2.959,16,-16,5
816.908,-0.113,0.267,2.948,16,-15,6
816.959,-0.118,0.352,2.932,16,-16,6
817.010,-0.118,0.352,2.934,15,-15,6
817.061,-0.118,0.352,2.920,16,-16,6
817.112,-0.118,0.352,2.920,16,-16,6
817.163,-0.118,0.352,2.918,16,-15,6
817.214,-0.118,0.352,2.903,16,-16,6
817.265,-0.123,0.438,2.877,16,-16,6
817.316,-0.123,0.438,2.882,15,-16,6
817.367,-0.123,0.438,2.882,16,-15,6
817.418,-0.123,0.438,2.865,16,-16,6
817.469,-0.123,0.438,2.838,16,-16,6
817.520,-0.123,0.438,2.836,16,-16,6
817.571,-0.140,0.526,2.836,16,-16,2
817.623,-0.140,0.526,2.829,16,-15,-9
817.674,-0.140,0.526,2.829,15,-15,-11
817.725,-0.140,0.526,2.913,16,-14,-9
817.776,-0.140,0.526,2.922,3,-2,-3
817.827,-0.169,0.619,2.922,3,0,4
817.878,-0.169,0.619,2.881,4,-1,0
817.929,-0.169,0.619,2.881,1,-1,-1
817.980,-0.169,0.619,2.885,0,0,2
818.031,-0.169,0.619,2.885,0,0,0
818.082,-0.169,0.619,2.883,0,0,0
818.133,-0.203,0.709,2.872,-1,0,-1
818.184,-0.203,0.709,2.885,-1,1,0
818.235,-0.203,0.709,2.885,0,0,0
818.286,-0.203,0.709,2.885,2,0,0
818.337,-0.203,0.709,2.881,0,0,0
818.388,-0.229,0.777,2.883,0,0,0
818.439,-0.229,0.777,2.865,0,0,0
818.490,-0.229,0.777,2.865,0,0,0
818.541,-0.229,0.777,2.879,-1,0,0
818.592,-0.229,0.777,2.872,0,0,0
818.643,-0.229,0.777,2.876,0,0,0
818.694,-0.248,0.824,2.878,0,0,0
818.745,-0.248,0.824,2.878,0,0,1
818.796,-0.248,0.824,2.878,0,0,0
818.847,-0.248,0.824,2.876,0,0,0
818.898,-0.248,0.824,2.875,0,0,0
818.949,-0.248,0.824,2.863,0,0,0
819.000,-0.258,0.842,2.863,0,0,0
819.051,-0.258,0.842,2.879,0,0,0
819.102,-0.258,0.842,2.878,0,-1,0
819.153,-0.258,0.842,2.890,0,0,0
819.204,-0.258,0.842,2.890,0,0,0
819.255,-0.258,0.843,2.878,0,0,0
819.306,-0.258,0.843,2.886,0,0,0
819.357,-0.258,0.843,2.878,0,0,0
819.408,-0.258,0.843,2.874,0,0,0
819.459,-0.258,0.843,2.874,0,0,0
819.510,-0.258,0.843,2.888,0,0,0
819.561,-0.259,0.843,2.874,0,0,0
819.612,-0.259,0.843,2.881,1,0,0
819.663,-0.259,0.843,2.881,0,0,0
819.714,-0.259,0.843,2.876,0,0,0
819.765,-0.259,0.843,2.876,0,0,0
819.816,-0.259,0.843,2.881,0,0,0
819.919,-0.259,0.843,2.874,0,-8,7
819.970,-0.259,0.843,2.881,4,-13,12
820.022,-0.259,0.843,2.827,12,-14,10
820.073,-0.259,0.843,2.803,14,-14,8
820.124,-0.263,0.843,2.778,15,-14,7
820.175,-0.263,0.843,2.778,15,-16,6
820.226,-0.263,0.843,2.781,16,-15,7
820.277,-0.263,0.843,2.749,15,-15,7
820.328,-0.263,0.843,2.697,16,-16,6
820.379,-0.263,0.843,2.697,16,-15,6
820.430,-0.259,0.844,2.717,16,-16,6
820.481,-0.259,0.844,2.681,16,-15,6
820.532,-0.259,0.844,2.669,15,-16,6
820.583,-0.259,0.844,2.636,16,-15,7
820.634,-0.259,0.844,2.636,16,-16,6
820.685,-0.259,0.844,2.645,16,-15,5
820.736,-0.256,0.874,2.604,15,-16,6
820.787,-0.256,0.874,2.600,16,-15,6
820.838,-0.256,0.874,2.600,16,-16,6
820.889,-0.256,0.874,2.582,16,-15,7
820.940,-0.256,0.874,2.557,16,-16,6
820.992,-0.249,0.933,2.533,16,-17,0
821.044,-0.249,0.933,2.564,15,-15,-8
821.095,-0.249,0.933,2.564,16,-15,-10
821.146,-0.249,0.933,2.598,16,-13,-10
821.197,-0.249,0.933,2.641,15,-12,-11
821.248,-0.249,0.933,2.645,17,-12,-10
821.299,-0.238,1.015,2.645,15,-10,-10
821.350,-0.238,1.015,2.645,16,-10,-10
821.401,-0.238,1.015,2.716,16,-11,-9
821.452,-0.238,1.015,2.735,16,-9,-9
821.503,-0.238,1.015,2.761,16,-9,-9
821.554,-0.245,1.121,2.761,16,-9,-9
821.605,-0.245,1.121,2.783,16,-9,-9
821.656,-0.245,1.121,2.775,16,-9,-8
821.707,-0.245,1.121,2.796,16,-8,-9
821.758,-0.245,1.121,2.798,16,-9,-8
821.809,-0.245,1.121,2.798,16,-8,-9
821.860,-0.266,1.211,2.821,16,-8,-8
821.911,-0.266,1.211,2.828,16,-8,-9
821.962,-0.266,1.211,2.828,16,-9,-7
822.013,-0.266,1.211,2.828,16,-8,-9
822.064,-0.266,1.211,2.844,16,-8,-8
822.115,-0.266,1.211,2.859,16,-8,-9
822.166,-0.301,1.288,2.889,16,-8,-8
822.217,-0.301,1.288,2.866,16,-9,-8
822.268,-0.301,1.288,2.866,16,-8,-8
822.319,-0.301,1.288,2.879,16,-8,-8
822.370,-0.301,1.288,2.885,16,-8,-9
822.421,-0.356,1.332,2.891,16,-8,-8
822.472,-0.356,1.332,2.891,15,-8,-8
822.523,-0.356,1.332,2.891,17,-8,-8
822.574,-0.356,1.332,2.900,16,-9,-8
822.625,-0.356,1.332,2.898,16,-8,-8
822.676,-0.356,1.332,2.904,15,-8,-8
822.727,-0.422,1.393,2.904,17,-8,-8
822.778,-0.422,1.393,2.911,16,-8,-9
822.829,-0.422,1.393,2.909,16,-8,-8
822.880,-0.422,1.393,2.911,16,-8,-8
822.932,-0.422,1.393,2.928,16,-3,-11
822.984,-0.422,1.393,2.928,17,8,-13
823.035,-0.489,1.454,2.875,16,11,-14
823.086,-0.489,1.454,2.835,16,10,-15
823.137,-0.489,1.454,2.773,16,10,-15
823.188,-0.489,1.454,2.773,16,9,-16
823.239,-0.489,1.454,2.744,15,1,-16
823.291,-0.559,1.513,2.737,16,-5,-15
823.343,-0.559,1.513,2.762,16,-9,-13
823.394,-0.559,1.513,2.769,16,-10,-11
823.445,-0.559,1.513,2.769,16,-10,-9
823.496,-0.559,1.513,2.786,16,-10,-9
823.547,-0.559,1.513,2.804,16,-10,-8
823.598,-0.637,1.584,2.799,16,-9,-8
823.649,-0.637,1.584,2.799,16,-9,-9
823.700,-0.637,1.584,2.804,17,-9,-8
823.751,-0.637,1.584,2.816,16,-9,-8
823.802,-0.637,1.584,2.812,16,-9,-8
823.853,-0.637,1.584,2.806,16,-8,-8
823.904,-0.709,1.630,2.806,16,-9,-9
823.955,-0.709,1.630,2.824,16,-9,-8
824.058,-0.709,1.630,2.824,16,4,-12
824.109,-0.709,1.630,2.810,16,6,-13
824.160,-0.783,1.677,2.810,16,4,-15
824.211,-0.783,1.677,2.802,16,6,-15
824.262,-0.783,1.677,2.766,17,7,-16
824.313,-0.783,1.677,2.735,16,6,-15
824.364,-0.783,1.677,2.735,16,4,-16
824.415,-0.783,1.677,2.727,16,5,-15
824.466,-0.857,1.724,2.695,16,6,-16
824.517,-0.857,1.724,2.682,16,5,-15
824.568,-0.857,1.724,2.659,16,3,-16
824.619,-0.857,1.724,2.659,16,4,-16
824.670,-0.857,1.724,2.629,16,4,-15
824.721,-0.931,1.768,2.642,16,4,-16
824.772,-0.931,1.768,2.630,16,3,-16
824.823,-0.931,1.768,2.630,16,4,-15
824.874,-0.931,1.768,2.614,17,4,-16
824.925,-0.931,1.768,2.604,16,4,-16
824.976,-0.931,1.768,2.602,16,4,-16
825.027,-1.012,1.799,2.577,16,3,-16
825.078,-1.012,1.799,2.577,16,6,-15
825.129,-1.012,1.799,2.546,17,7,-16
825.181,-1.012,1.799,2.540,14,11,-16
825.233,-1.012,1.799,2.497,4,13,-16
825.284,-1.012,1.799,2.485,4,13,-15
825.335,-1.098,1.822,2.485,4,14,-16
825.386,-1.098,1.822,2.463,1,14,-15
825.437,-1.098,1.822,2.462,1,14,-15
825.488,-1.098,1.822,2.486,0,15,-16
825.539,-1.098,1.822,2.486,1,14,-15
825.590,-1.186,1.826,2.485,0,15,-14
825.641,-1.186,1.826,2.480,1,14,-16
825.692,-1.186,1.826,2.482,0,14,-15
825.743,-1.186,1.826,2.487,0,15,-14
825.794,-1.186,1.826,2.487,0,14,-15
825.845,-1.186,1.826,2.499,0,14,-15
825.896,-1.272,1.816,2.474,1,14,-15
825.947,-1.272,1.816,2.469,0,15,-14
825.998,-1.272,1.816,2.469,0,14,-15
826.100,-1.272,1.816,2.481,0,14,-14
826.151,-1.272,1.816,2.462,-1,15,-15
826.202,-1.356,1.807,2.463,0,15,-14
826.254,-1.356,1.807,2.463,-1,15,-14
826.306,-1.356,1.807,2.475,-7,14,-13
826.357,-1.356,1.807,2.494,-12,15,-12
826.408,-1.356,1.807,2.506,-13,15,-10
826.459,-1.439,1.781,2.519,-13,15,-9
826.510,-1.439,1.781,2.519,-12,15,-9
826.561,-1.439,1.781,2.535,-13,15,-8
826.612,-1.439,1.781,2.561,-13,15,-8
826.663,-1.439,1.781,2.566,-12,16,-9
826.714,-1.439,1.781,2.566,-12,15,-9
826.765,-1.521,1.744,2.550,-12,16,-8
826.816,-1.521,1.744,2.596,-12,15,-9
826.867,-1.521,1.744,2.583,-12,15,-8
826.918,-1.521,1.744,2.620,-12,16,-9
826.969,-1.521,1.744,2.620,-12,15,-8
827.020,-1.589,1.700,2.617,-11,16,-9
827.071,-1.589,1.700,2.623,-11,15,-8
827.122,-1.589,1.700,2.627,-12,16,-8
827.173,-1.589,1.700,2.627,-12,16,-9
827.224,-1.589,1.700,2.641,-11,15,-8
827.275,-1.589,1.700,2.645,-12,16,-8
827.326,-1.642,1.630,2.659,-11,15,-9
827.377,-1.642,1.630,2.680,-11,16,-8
827.479,-1.642,1.630,2.702,-12,16,-8
827.530,-1.642,1.630,2.704,-12,15,-9
827.581,-1.642,1.630,2.711,-12,16,-7
827.632,-1.676,1.552,2.711,-14,16,-6
827.683,-1.676,1.552,2.719,-14,15,-5
827.734,-1.676,1.552,2.729,-15,16,-5
827.785,-1.676,1.552,2.742,-15,16,-6
827.836,-1.676,1.552,2.766,-14,15,-6
827.887,-1.698,1.469,2.766,-15,16,-6
827.938,-1.698,1.469,2.793,-15,16,-6
827.989,-1.698,1.469,2.794,-15,16,-6
828.040,-1.698,1.469,2.801,-15,15,-6
828.091,-1.698,1.469,2.801,-15,16,-6
828.142,-1.698,1.469,2.835,-15,16,-6
828.193,-1.710,1.385,2.847,-15,16,-6
828.244,-1.710,1.385,2.872,-15,16,-7
828.295,-1.710,1.385,2.881,-15,15,-6
828.346,-1.710,1.385,2.881,-15,16,-6
828.397,-1.710,1.385,2.915,-15,16,-6
828.448,-1.710,1.385,2.927,-15,16,-6
828.499,-1.709,1.288,2.947,-15,16,-7
828.550,-1.709,1.288,2.983,-16,16,-6
828.601,-1.709,1.288,2.983,-15,16,-6
828.652,-1.709,1.288,2.993,-15,16,-7
828.703,-1.709,1.288,3.006,-15,16,-6
828.754,-1.703,1.193,3.037,-15,16,-6
828.805,-1.703,1.193,3.037,-15,16,-7
828.856,-1.703,1.193,3.054,-16,16,-6
828.907,-1.703,1.193,3.081,-15,16,-6
828.958,-1.703,1.193,3.089,-15,16,-6
829.009,-1.703,1.193,3.110,-16,16,-6
829.060,-1.694,1.097,3.110,-14,16,-9
829.112,-1.694,1.097,3.130,-1,15,-11
829.163,-1.694,1.097,3.135,0,16,-13
829.214,-1.694,1.097,3.148,-1,16,-14
829.265,-1.694,1.097,3.148,1,16,-14
829.316,-1.694,1.097,3.141,0,15,-14
829.367,-1.663,0.998,3.131,0,15,-14
829.418,-1.663,0.998,3.138,0,16,-14
829.469,-1.663,0.998,3.141,0,15,-15
829.520,-1.663,0.998,3.141,0,16,-14
829.571,-1.663,0.998,3.119,-4,15,-13
829.622,-1.642,0.910,3.147,-6,15,-14
829.673,-1.642,0.910,3.147,-6,16,-13
829.726,-1.642,0.910,3.162,-5,16,-12
829.777,-1.642,0.910,3.162,-5,16,-13
829.829,-1.642,0.910,3.173,-5,16,-12
829.880,-1.642,0.910,3.188,-5,16,-12
829.931,-1.629,0.819,3.207,-5,16,-12
829.982,-1.629,0.819,3.207,-6,16,-12
830.033,-1.629,0.819,3.214,-4,16,-12
830.084,-1.629,0.819,3.206,-5,15,-12
830.135,-1.629,0.819,3.221,-4,16,-12
830.186,-1.614,0.726,3.214,-5,16,-12
830.237,-1.614,0.726,3.214,-4,16,-12
830.288,-1.614,0.726,3.206,-6,16,-12
830.339,-1.614,0.726,3.237,-4,15,-12
830.390,-1.614,0.726,3.233,-5,16,-12
830.441,-1.614,0.726,3.233,-5,16,-11
830.492,-1.624,0.636,3.229,-4,16,-12
830.543,-1.624,0.636,3.241,-5,16,-12
830.594,-1.624,0.636,3.252,-5,16,-12
830.645,-1.624,0.636,3.253,-4,16,-11
830.696,-1.624,0.636,3.253,-5,16,-12
830.747,-1.624,0.636,3.257,-4,16,-12
830.798,-1.630,0.547,3.264,-5,16,-12
830.849,-1.630,0.547,3.269,-5,15,-12
830.900,-1.630,0.547,3.269,-4,17,-12
830.951,-1.630,0.547,3.277,-5,16,-11
831.002,-1.630,0.547,3.277,-4,16,-12
831.053,-1.629,0.457,3.280,-4,16,-12
831.104,-1.629,0.457,3.273,-4,15,-11
831.155,-1.629,0.457,3.273,-5,16,-12
831.206,-1.629,0.457,3.284,-5,17,-12
831.257,-1.629,0.457,3.289,-4,16,-12
831.308,-1.629,0.457,3.281,-5,16,-12
831.359,-1.628,0.369,3.296,-5,16,-12
831.410,-1.628,0.369,3.296,-4,16,-12
831.461,-1.628,0.369,3.306,-5,16,-12
831.513,-1.628,0.369,3.301,-4,16,-12
831.564,-1.628,0.369,3.312,-5,16,-12
831.615,-1.628,0.369,3.312,-4,16,-12
831.666,-1.624,0.280,3.308,-4,16,-12
831.717,-1.624,0.280,3.317,-5,17,-11
831.769,-1.624,0.280,3.317,-5,16,-12
831.820,-1.624,0.280,3.307,-4,16,-12
831.872,-1.624,0.280,3.307,-4,16,-12
831.923,-1.618,0.192,3.320,-4,16,-12
831.974,-1.618,0.192,3.319,-5,16,-12
832.025,-1.618,0.192,3.335,-4,16,-11
832.076,-1.618,0.192,3.335,-5,16,-12
832.127,-1.618,0.192,3.335,-4,16,-12
832.178,-1.618,0.192,3.357,-5,16,-12
832.229,-1.610,0.105,3.361,-5,16,-12
832.280,-1.610,0.105,3.362,-4,16,-12
832.331,-1.610,0.105,3.362,-4,16,-12
832.382,-1.610,0.105,3.347,-4,17,-12
832.433,-1.610,0.105,3.386,-4,16,-12
832.485,-1.610,0.105,3.361,-11,16,-6
832.536,-1.601,0.016,3.395,-14,16,-5
832.587,-1.601,0.016,3.395,-15,16,-5
832.638,-1.601,0.016,3.403,-15,16,-5
832.689,-1.601,0.016,3.431,-15,16,-6
832.740,-1.601,0.016,3.435,-16,16,-6
832.791,-1.592,-0.071,3.435,-15,16,-5
832.842,-1.592,-0.071,3.488,-16,16,-7
832.893,-1.592,-0.071,3.503,-15,16,-7
832.944,-1.592,-0.071,3.521,-15,17,-5
832.995,-1.592,-0.071,3.545,-16,16,-6
833.046,-1.592,-0.071,3.545,-15,16,-7
833.097,-1.571,-0.155,3.585,-16,16,-7
833.148,-1.571,-0.155,3.611,-15,16,-6
833.199,-1.571,-0.155,3.624,-15,16,-7
833.250,-1.571,-0.155,3.624,-16,17,-5
833.301,-1.571,-0.155,3.664,-15,16,-6
833.352,-1.535,-0.239,3.688,-16,16,-6
833.403,-1.535,-0.239,3.701,-15,16,-7
833.454,-1.535,-0.239,3.736,-15,16,-6
833.505,-1.535,-0.239,3.736,-16,17,-6
833.556,-1.535,-0.239,3.762,-15,16,-5
833.607,-1.535,-0.239,3.804,-16,16,-6
833.658,-1.483,-0.317,3.830,-16,16,-6
833.709,-1.483,-0.317,3.830,-15,16,-5
833.760,-1.483,-0.317,3.830,-16,16,-6
833.811,-1.483,-0.317,3.869,-16,16,-7
833.862,-1.483,-0.317,3.899,-15,16,-5
833.913,-1.483,-0.317,3.914,-16,17,-6
833.964,-1.411,-0.390,3.914,-15,16,-6
834.015,-1.411,-0.390,3.957,-16,16,-6
834.066,-1.411,-0.390,3.984,-16,16,-6
834.117,-1.411,-0.390,3.990,-16,16,-5
834.168,-1.411,-0.390,4.028,-16,16,-6
834.219,-1.338,-0.458,4.028,-15,17,-7
834.270,-1.338,-0.458,4.045,-16,16,-6
834.321,-1.338,-0.458,4.073,-16,16,-6
834.372,-1.338,-0.458,4.086,-16,16,-6
834.423,-1.338,-0.458,4.086,-16,17,-4
834.474,-1.338,-0.458,4.101,-15,15,7
834.525,-1.259,-0.517,4.104,-16,0,14
834.576,-1.259,-0.517,4.071,-15,-1,15
834.627,-1.259,-0.517,4.065,-16,-1,15
834.678,-1.259,-0.517,4.065,-16,-3,15
834.729,-1.259,-0.517,4.065,-16,-4,16
834.780,-1.259,-0.517,4.078,-16,8,15
834.831,-1.175,-0.569,4.045,-16,14,1
834.882,-1.175,-0.569,4.045,-16,14,-6
834.933,-1.175,-0.569,4.045,-16,15,-4
834.984,-1.175,-0.569,4.039,-16,15,-7
835.035,-1.175,-0.569,4.052,-16,16,-7
835.086,-1.095,-0.589,4.047,-16,16,-7
835.137,-1.095,-0.589,4.047,-16,16,-6
835.188,-1.095,-0.589,4.023,-16,16,-7
835.239,-1.095,-0.589,4.035,-16,16,-6
835.290,-1.095,-0.589,4.030,-16,15,-6
835.341,-1.095,-0.589,4.030,-16,16,-6
835.392,-1.010,-0.598,4.018,-16,16,-6
835.443,-1.010,-0.598,4.005,-16,16,-6
835.494,-1.010,-0.598,3.979,-16,16,-6
835.545,-1.010,-0.598,3.968,-16,16,-5
835.596,-1.010,-0.598,3.968,-16,16,-7
835.647,-1.010,-0.598,3.986,-16,16,-6
835.698,-0.925,-0.603,3.974,-16,16,-5
835.749,-0.925,-0.603,3.936,-16,16,-6
835.800,-0.925,-0.603,3.924,-16,16,-7
835.851,-0.925,-0.603,3.924,-16,16,-6
835.902,-0.925,-0.603,3.931,-17,16,-5
835.953,-0.848,-0.603,3.925,-15,16,-8
836.004,-0.848,-0.603,3.914,-12,15,-11
836.055,-0.848,-0.603,3.914,-10,17,-12
836.106,-0.848,-0.603,3.912,-9,16,-13
836.157,-0.848,-0.603,3.896,-7,16,-13
836.208,-0.848,-0.603,3.905,-7,16,-12
836.259,-0.754,-0.631,3.910,-7,16,-12
836.310,-0.754,-0.631,3.910,-6,16,-13
836.361,-0.754,-0.631,3.906,-5,16,-12
836.412,-0.754,-0.631,3.888,-5,16,-12
836.463,-0.754,-0.631,3.885,-5,16,-13
836.514,-0.754,-0.631,3.885,-5,16,-12
836.565,-0.659,-0.654,3.878,-6,16,-12
836.616,-0.659,-0.654,3.879,-5,16,-12
836.667,-0.659,-0.654,3.882,-5,16,-12
836.718,-0.659,-0.654,3.851,-4,17,-12
836.769,-0.659,-0.654,3.851,-5,16,-12
836.820,-0.659,-0.654,3.846,-4,15,-12
836.871,-0.659,-0.654,3.861,-4,17,-12
836.922,-0.659,-0.654,3.849,-5,16,-12
836.973,-0.659,-0.654,3.849,0,16,-12
837.024,-0.659,-0.654,3.851,1,16,-13
837.075,-0.659,-0.654,3.824,0,15,-14
837.126,-0.548,-0.689,3.814,-1,16,-14
837.177,-0.548,-0.689,3.808,-1,16,-14
837.228,-0.548,-0.689,3.808,0,15,-14
837.279,-0.548,-0.689,3.807,1,16,-13
837.330,-0.548,-0.689,3.803,0,16,-14
837.381,-0.434,-0.731,3.800,0,15,-14
837.432,-0.434,-0.731,3.800,0,16,-14
837.483,-0.434,-0.731,3.782,0,15,-14
837.534,-0.434,-0.731,3.788,0,16,-13
837.585,-0.434,-0.731,3.767,0,15,-14
837.636,-0.434,-0.731,3.766,0,15,-14
837.688,-0.335,-0.781,3.766,0,3,0
837.739,-0.335,-0.781,3.764,0,1,2
837.790,-0.335,-0.781,3.770,0,5,0
837.841,-0.335,-0.781,3.741,0,2,3
837.892,-0.335,-0.781,3.718,0,0,1
837.943,-0.335,-0.781,3.718,0,0,0
837.994,-0.243,-0.848,3.729,-1,0,0
838.045,-0.243,-0.848,3.730,0,0,-1
838.096,-0.243,-0.848,3.732,0,-1,1
838.147,-0.243,-0.848,3.732,0,0,0
838.198,-0.243,-0.848,3.734,0,0,0
838.249,-0.186,-0.889,3.743,0,0,0
838.300,-0.186,-0.889,3.740,0,10,-10
838.351,-0.186,-0.889,3.749,0,13,-13
838.402,-0.186,-0.889,3.749,0,14,-14
838.453,-0.186,-0.889,3.751,0,14,-15
838.504,-0.186,-0.889,3.744,0,15,-15
838.555,-0.148,-0.919,3.734,0,14,-14
838.606,-0.148,-0.919,3.734,0,15,-15
838.657,-0.148,-0.919,3.749,0,15,-15
838.708,-0.148,-0.919,3.746,0,14,-15
838.759,-0.148,-0.919,3.737,0,15,-15
838.810,-0.148,-0.919,3.756,0,15,-14
838.861,-0.118,-0.940,3.756,0,14,-15
838.912,-0.118,-0.940,3.763,0,15,-15
838.963,-0.118,-0.940,3.772,0,15,-14
839.014,-0.118,-0.940,3.770,0,14,-15
839.065,-0.118,-0.940,3.770,0,15,-14
839.116,-0.087,-0.960,3.782,0,14,-15
839.167,-0.087,-0.960,3.783,0,15,-14
839.218,-0.087,-0.960,3.770,0,14,-15
839.269,-0.087,-0.960,3.776,0,14,-14
839.320,-0.087,-0.960,3.776,0,15,-14
839.371,-0.087,-0.960,3.794,0,14,-15
839.422,-0.050,-1.003,3.806,0,14,-14
839.473,-0.050,-1.003,3.799,0,15,-15
839.524,-0.050,-1.003,3.803,0,14,-14
839.575,-0.050,-1.003,3.803,0,14,-15
839.626,-0.050,-1.003,3.807,0,15,-14
839.678,-0.050,-1.003,3.815,-8,15,-13
839.729,0.000,-1.063,3.842,-11,14,-12
839.781,0.000,-1.063,3.842,-13,15,-8
839.832,0.000,-1.063,3.875,-14,15,-5
839.883,0.000,-1.063,3.884,-16,15,-5
839.934,0.000,-1.063,3.909,-15,15,-5
839.985,0.054,-1.134,3.934,-16,16,-6
840.036,0.054,-1.134,3.934,-15,15,-6
840.087,0.054,-1.134,3.972,-16,15,-6
840.138,0.054,-1.134,3.995,-16,16,-5
840.189,0.054,-1.134,4.022,-15,15,-7
840.240,0.054,-1.134,4.022,-16,16,-6
840.291,0.123,-1.189,4.066,-15,15,-5
840.342,0.123,-1.189,4.082,-16,15,-6
840.393,0.123,-1.189,4.112,-16,16,-6
840.444,0.123,-1.189,4.134,-15,16,-6
840.495,0.123,-1.189,4.134,-16,15,-6
840.546,0.123,-1.189,4.192,-16,16,-6
840.597,0.204,-1.225,4.223,-16,15,-7
840.648,0.204,-1.225,4.241,-15,16,-5
840.699,0.204,-1.225,4.287,-16,16,-6
840.750,0.204,-1.225,4.287,-16,15,-6
840.801,0.204,-1.225,4.308,-16,16,-6
840.852,0.294,-1.239,4.342,-15,16,-6
840.903,0.294,-1.239,4.374,-16,15,-6
840.954,0.294,-1.239,4.374,-16,16,-6
841.005,0.294,-1.239,4.420,-16,15,-5
841.056,0.294,-1.239,4.444,-16,16,-6
841.107,0.294,-1.239,4.494,-15,16,-6
841.158,0.396,-1.223,4.523,-16,16,-6
841.209,0.396,-1.223,4.523,-16,16,-6
841.260,0.396,-1.223,4.549,-16,15,-6
841.311,0.396,-1.223,4.578,-16,16,-6
841.362,0.396,-1.223,4.601,-16,16,-6
841.413,0.488,-1.197,4.601,-15,15,-6
841.464,0.488,-1.197,4.645,-16,16,-6
841.515,0.488,-1.197,4.684,-17,16,-5
841.566,0.488,-1.197,4.704,-4,16,-11
841.668,0.488,-1.197,4.707,3,15,-14
841.719,0.579,-1.162,4.711,10,15,-14
841.770,0.579,-1.162,4.673,12,13,-15
841.821,0.579,-1.162,4.641,14,12,-16
841.872,0.579,-1.162,4.641,14,11,-15
841.923,0.579,-1.162,4.638,14,9,-16
841.974,0.579,-1.162,4.599,14,9,-15
842.025,0.671,-1.126,4.577,14,9,-16
842.076,0.671,-1.126,4.575,14,8,-16
842.127,0.671,-1.126,4.575,14,8,-16
842.178,0.671,-1.126,4.542,15,7,-15
842.229,0.671,-1.126,4.510,14,8,-16
842.280,0.752,-1.118,4.499,14,7,-16
842.332,0.752,-1.118,4.464,16,12,-15
842.385,0.752,-1.118,4.464,15,13,-16
842.436,0.752,-1.118,4.443,15,7,-15
842.538,0.752,-1.118,4.400,15,6,-16
842.589,0.819,-1.134,4.400,1,11,-15
842.640,0.819,-1.134,4.399,-1,12,-16
842.691,0.819,-1.134,4.404,2,13,-15
842.742,0.819,-1.134,4.391,0,14,-15
842.793,0.819,-1.134,4.425,-2,14,-14
842.844,0.819,-1.134,4.425,-1,14,-15
842.895,0.878,-1.183,4.414,1,15,-15
842.946,0.878,-1.183,4.424,1,14,-14
842.997,0.878,-1.183,4.422,0,14,-15
843.048,0.878,-1.183,4.422,10,15,2
843.099,0.878,-1.183,4.378,15,16,1
843.150,0.930,-1.252,4.276,15,16,2
843.201,0.930,-1.252,4.150,15,16,3
843.252,0.930,-1.252,4.055,16,15,1
843.303,0.930,-1.252,4.055,15,16,2
843.354,0.930,-1.252,3.961,16,15,1
843.405,0.930,-1.252,3.845,15,16,2
843.456,0.980,-1.313,3.733,15,16,2
843.507,0.980,-1.313,3.733,2,14,-9
843.558,0.980,-1.313,3.677,1,13,-15
843.609,0.980,-1.313,3.679,1,14,-14
843.660,0.980,-1.313,3.673,-1,14,-15
843.711,0.980,-1.313,3.677,0,15,-15
843.762,1.029,-1.358,3.677,0,15,-15
843.813,1.029,-1.358,3.678,1,14,-14
843.864,1.029,-1.358,3.684,2,15,-15
843.915,1.029,-1.358,3.676,0,14,-15
843.967,1.029,-1.358,3.706,-11,15,-10
844.018,1.067,-1.398,3.706,-14,15,-7
844.069,1.067,-1.398,3.717,-15,15,-7
844.120,1.067,-1.398,3.726,-15,15,-7
844.171,1.067,-1.398,3.766,-16,15,-6
844.222,1.067,-1.398,3.766,-16,16,-7
844.273,1.067,-1.398,3.786,-16,15,-6
844.324,1.094,-1.446,3.806,-15,16,-7
844.376,1.094,-1.446,3.830,-16,16,-1
844.428,1.094,-1.446,3.813,-15,15,9
844.479,1.094,-1.446,3.813,-16,14,11
844.531,1.094,-1.446,3.794,-16,-6,13
844.582,1.126,-1.494,3.774,-16,-7,15
844.633,1.126,-1.494,3.779,-16,-5,15
844.684,1.126,-1.494,3.796,-16,-8,16
844.735,1.126,-1.494,3.796,-16,-7,15
844.786,1.126,-1.494,3.813,-16,-8,16
844.837,1.126,-1.494,3.854,-16,-7,16
844.890,1.176,-1.542,3.849,-16,-8,16
844.942,1.176,-1.542,3.849,-14,-11,16
844.994,1.176,-1.542,3.906,-1,-12,16
845.045,1.176,-1.542,3.900,-2,-13,16
845.096,1.176,-1.542,3.886,0,-14,15
845.147,1.176,-1.542,3.873,2,-14,15
845.198,1.236,-1.554,3.873,0,-14,15
845.249,1.236,-1.554,3.871,-1,-15,15
845.300,1.236,-1.554,3.852,-2,-14,15
845.351,1.236,-1.554,3.851,1,-14,14
845.402,1.236,-1.554,3.860,0,-14,15
845.453,1.290,-1.522,3.860,0,-14,15
845.504,1.290,-1.522,3.861,0,-15,15
845.555,1.290,-1.522,3.828,0,-14,14
845.606,1.290,-1.522,3.829,0,-14,15
845.657,1.290,-1.522,3.829,-1,-14,15
845.708,1.290,-1.522,3.835,0,-14,14
845.759,1.316,-1.459,3.830,-2,-15,15
845.810,1.316,-1.459,3.828,0,-14,14
845.861,1.316,-1.459,3.818,0,-14,14
845.912,1.316,-1.459,3.818,0,-14,15
845.963,1.316,-1.459,3.824,0,-14,14
846.014,1.316,-1.459,3.810,0,-14,15
846.065,1.310,-1.378,3.805,0,-14,14
846.116,1.310,-1.378,3.805,1,-14,14
846.167,1.310,-1.378,3.823,1,-14,15
846.218,1.310,-1.378,3.798,0,-14,14
846.269,1.310,-1.378,3.786,0,-15,14
846.320,1.282,-1.298,3.782,0,-14,15
846.423,1.282,-1.298,3.789,9,-14,13
846.474,1.282,-1.298,3.757,12,-15,11
846.525,1.282,-1.298,3.741,12,-15,10
846.576,1.282,-1.298,3.741,12,-15,10
846.627,1.245,-1.220,3.721,13,-15,9
846.678,1.245,-1.220,3.698,13,-15,8
846.729,1.245,-1.220,3.687,12,-15,9
846.780,1.245,-1.220,3.657,0,-15,11
846.831,1.245,-1.220,3.657,0,-15,13
846.934,1.202,-1.141,3.662,-8,-14,14
846.985,1.202,-1.141,3.707,-14,-10,14
847.036,1.202,-1.141,3.722,-15,-7,16
847.087,1.202,-1.141,3.722,-15,-6,15
847.138,1.202,-1.141,3.742,-16,-7,15
847.189,1.152,-1.065,3.763,-16,-7,15
847.240,1.152,-1.065,3.793,-15,-6,16
847.291,1.152,-1.065,3.793,-16,-7,15
847.342,1.152,-1.065,3.809,-16,-6,15
847.393,1.152,-1.065,3.851,-16,-6,16
847.444,1.152,-1.065,3.863,-16,-6,15
847.495,1.118,-0.988,3.885,-15,-6,16
847.546,1.118,-0.988,3.885,-16,-6,15
847.597,1.118,-0.988,3.904,-16,-6,16
847.648,1.118,-0.988,3.930,-16,-6,15
847.699,1.118,-0.988,3.931,-16,-6,16
847.750,1.100,-0.911,3.931,-16,-6,15
847.801,1.100,-0.911,3.965,-16,-6,16
847.852,1.100,-0.911,3.981,-16,-5,16
847.903,1.100,-0.911,4.010,-15,-7,15
848.005,1.100,-0.911,4.030,-16,-6,16
848.056,1.105,-0.832,4.053,-16,-6,16
848.107,1.105,-0.832,4.063,-16,-6,16
848.158,1.105,-0.832,4.086,-16,-6,15
848.209,1.105,-0.832,4.086,-16,-6,16
848.261,1.105,-0.832,4.119,-16,-7,17
848.313,1.105,-0.832,4.132,-3,-11,15
848.364,1.131,-0.745,4.144,-1,-13,16
848.415,1.131,-0.745,4.159,-4,-13,16
848.466,1.131,-0.745,4.159,-1,-14,15
848.517,1.131,-0.745,4.170,0,-14,15
848.568,1.131,-0.745,4.165,0,-14,16
848.619,1.153,-0.658,4.148,0,-15,15
848.670,1.153,-0.658,4.149,0,-14,15
848.721,1.153,-0.658,4.149,0,-15,15
848.772,1.153,-0.658,4.174,0,-14,15
848.823,1.153,-0.658,4.160,0,-14,15
848.874,1.153,-0.658,4.165,0,-15,14
848.925,1.151,-0.573,4.165,0,-14,15
848.976,1.151,-0.573,4.170,1,-14,15
849.027,1.151,-0.573,4.175,-1,-14,16
849.079,1.151,-0.573,4.170,-11,-10,15
849.130,1.151,-0.573,4.181,-15,-6,15
849.181,1.128,-0.492,4.181,-14,-7,15
849.232,1.128,-0.492,4.199,-16,-6,15
849.283,1.128,-0.492,4.215,-15,-6,16
849.334,1.128,-0.492,4.234,-16,-5,15
849.385,1.128,-0.492,4.234,-16,-5,16
849.436,1.128,-0.492,4.256,-15,-7,16
849.487,1.096,-0.416,4.287,-16,-5,15
849.538,1.096,-0.416,4.307,-16,-6,16
849.589,1.096,-0.416,4.326,-16,-6,16
849.640,1.096,-0.416,4.326,-15,-6,16
849.691,1.096,-0.416,4.342,-16,-6,15
849.742,1.096,-0.416,4.351,-16,-5,16
849.793,1.061,-0.340,4.389,-16,-6,16
849.845,1.061,-0.340,4.407,-2,-11,16
849.896,1.061,-0.340,4.407,-1,-12,15
849.947,1.061,-0.340,4.405,-3,-13,15
849.998,1.061,-0.340,4.387,0,-14,16
850.049,1.043,-0.259,4.377,2,-14,15
850.100,1.043,-0.259,4.377,0,-15,15
850.151,1.043,-0.259,4.385,-2,-14,15
850.202,1.043,-0.259,4.364,0,-15,14
850.253,1.043,-0.259,4.369,0,-14,15
850.304,1.043,-0.259,4.367,0,-14,15
850.355,1.022,-0.179,4.367,1,-15,15
850.457,1.022,-0.179,4.337,0,-14,15
850.508,1.022,-0.179,4.338,-11,-8,15
850.559,1.022,-0.179,4.338,-15,-5,15
850.610,1.022,-0.179,4.313,-14,-7,15
850.661,0.987,-0.102,4.338,-16,-6,15
850.712,0.987,-0.102,4.344,-15,-6,16
850.763,0.987,-0.102,4.350,-16,-7,15
850.814,0.987,-0.102,4.350,-15,-5,16
850.865,0.987,-0.102,4.363,-16,-7,15
850.916,0.939,-0.032,4.377,-16,-6,16
850.967,0.939,-0.032,4.410,-16,-6,16
851.018,0.939,-0.032,4.410,-16,-6,15
851.069,0.939,-0.032,4.424,-16,-6,16
851.120,0.939,-0.032,4.420,-15,-6,16
851.171,0.939,-0.032,4.430,-16,-5,16
851.222,0.896,0.026,4.446,-16,-6,15
851.273,0.896,0.026,4.446,-16,-6,16
851.324,0.896,0.026,4.461,-3,1,3
851.375,0.896,0.026,4.443,1,0,-1
851.426,0.896,0.026,4.450,-3,-1,2
851.477,0.896,0.026,4.437,-1,-1,1
851.528,0.863,0.102,4.437,1,2,-1
851.579,0.863,0.102,4.447,0,1,0
851.630,0.863,0.102,4.436,-1,0,1
851.732,0.863,0.102,4.457,8,7,7
851.783,0.845,0.178,4.405,14,14,14
851.834,0.845,0.178,4.226,15,15,15
851.885,0.845,0.178,4.075,15,15,17
851.936,0.845,0.178,3.956,16,16,15
851.987,0.845,0.178,3.956,15,15,16
852.038,0.845,0.178,3.775,16,16,16
852.089,0.840,0.240,3.638,15,16,16
852.140,0.840,0.240,3.511,0,1,1
852.191,0.840,0.240,3.511,-2,-1,0
852.242,0.840,0.240,3.534,5,1,1
852.293,0.840,0.240,3.521,2,0,0
852.344,0.840,0.240,3.519,-1,0,-1
852.395,0.831,0.304,3.534,0,0,0
852.446,0.831,0.304,3.534,1,0,0
852.497,0.831,0.304,3.539,0,0,0
852.548,0.831,0.304,3.525,0,-1,0
852.599,0.831,0.304,3.530,0,0,1
852.650,0.832,0.335,3.530,3,3,3
852.702,0.832,0.335,3.509,13,12,13
852.754,0.832,0.335,3.380,0,2,1
852.805,0.832,0.335,3.408,1,-1,-2
852.857,0.832,0.335,3.376,1,-9,13
852.908,0.832,0.335,3.376,-2,-14,14
852.959,0.837,0.351,3.380,0,-13,14
853.010,0.837,0.351,3.364,1,-13,14
853.061,0.837,0.351,3.349,1,-14,15
853.112,0.837,0.351,3.342,0,-15,15
853.163,0.837,0.351,3.342,-1,-14,16
853.214,0.844,0.369,3.335,-1,-15,15
853.265,0.844,0.369,3.325,0,-14,15
853.316,0.844,0.369,3.320,0,-15,16
853.368,0.844,0.369,3.320,11,-15,11
853.419,0.844,0.369,3.318,15,-15,8
853.470,0.844,0.369,3.303,15,-15,9
853.521,0.850,0.396,3.280,15,-14,8
853.572,0.850,0.396,3.238,15,-16,7
853.623,0.850,0.396,3.238,16,-15,7
853.674,0.850,0.396,3.213,16,-15,6
853.725,0.850,0.396,3.177,15,-16,7
853.776,0.850,0.396,3.167,16,-15,6
853.827,0.851,0.442,3.167,16,-16,7
853.878,0.851,0.442,3.112,16,-15,6
853.929,0.851,0.442,3.112,15,-15,6
853.980,0.851,0.442,3.091,16,-16,6
854.031,0.851,0.442,3.073,16,-16,6
854.082,0.838,0.508,3.073,16,-15,6
854.133,0.838,0.508,3.028,16,-15,6
854.184,0.838,0.508,3.027,15,-16,7
854.235,0.838,0.508,3.000,16,-16,6
854.337,0.838,0.508,2.969,16,-16,6
854.388,0.799,0.591,2.951,16,-16,7
854.439,0.799,0.591,2.924,15,-15,5
854.490,0.799,0.591,2.898,16,-16,7
854.541,0.799,0.591,2.898,16,-16,6
854.643,0.799,0.591,2.870,16,-16,6
854.746,0.761,0.676,2.863,15,-16,-6
854.797,0.761,0.676,2.863,16,-15,-10
854.848,0.761,0.676,2.889,15,-14,-10
854.899,0.761,0.676,2.909,16,-13,-11
854.950,0.718,0.762,2.937,16,-12,-10
855.001,0.718,0.762,2.937,16,-11,-10
855.052,0.718,0.762,2.965,16,-10,-10
855.103,0.718,0.762,2.955,16,-10,-10
855.154,0.718,0.762,2.968,16,-9,-9
855.205,0.718,0.762,2.985,16,-9,-9
855.256,0.661,0.845,2.985,16,-10,-9
855.307,0.661,0.845,2.964,16,-8,-9
855.358,0.661,0.845,2.988,16,-9,-8
855.409,0.661,0.845,2.975,16,-9,-9
855.460,0.661,0.845,2.975,16,-9,-8
855.511,0.618,0.914,2.975,16,-8,-9
855.562,0.618,0.914,2.989,16,-8,-8
855.613,0.618,0.914,2.997,16,-9,-8
855.664,0.618,0.914,3.004,16,-8,-9
855.715,0.618,0.914,3.004,16,-8,-8
855.766,0.618,0.914,3.003,16,-8,-8
855.817,0.545,0.967,3.009,16,-9,-8
855.868,0.545,0.967,3.008,16,-8,-8
855.919,0.545,0.967,3.007,16,-8,-9
855.970,0.545,0.967,3.007,16,-8,-8
856.021,0.545,0.967,2.993,16,-8,-8
856.072,0.545,0.967,3.026,16,-8,-8
856.123,0.460,1.002,3.017,16,-9,-8
856.174,0.460,1.002,3.017,16,-8,-8
856.225,0.460,1.002,3.038,16,-8,-8
856.276,0.460,1.002,3.036,16,-8,-9
856.327,0.460,1.002,3.023,16,-8,-8
856.378,0.382,1.027,3.047,16,-8,-8
856.429,0.382,1.027,3.047,16,-8,-8
856.480,0.382,1.027,3.047,16,-8,-8
856.531,0.382,1.027,3.058,17,-8,-8
856.583,0.382,1.027,3.056,16,-3,-11
856.635,0.382,1.027,3.056,17,6,-13
856.686,0.292,1.049,3.062,16,9,-15
856.737,0.292,1.049,3.030,16,9,-14
856.788,0.292,1.049,2.991,16,10,-16
856.839,0.292,1.049,2.980,16,8,-15
856.890,0.292,1.049,2.980,16,9,-15
856.941,0.292,1.049,2.967,16,7,-16
856.992,0.208,1.068,2.952,16,8,-15
857.043,0.208,1.068,2.933,16,7,-16
857.094,0.208,1.068,2.929,16,7,-16
857.145,0.208,1.068,2.929,15,7,-15
857.196,0.208,1.068,2.912,16,8,-16
857.247,0.208,1.068,2.901,5,12,-15
857.298,0.208,1.068,2.884,-1,13,-15
857.349,0.208,1.068,2.884,3,14,-15
857.400,0.208,1.068,2.888,2,14,-15
857.451,0.208,1.068,2.879,1,14,-14
857.502,0.208,1.068,2.899,1,14,-15
857.553,0.107,1.060,2.917,1,14,-15
857.604,0.107,1.060,2.917,2,14,-15
857.655,0.107,1.060,2.919,0,14,-14
857.706,0.107,1.060,2.922,0,14,-15
857.757,0.107,1.060,2.930,0,14,-14
857.808,0.107,1.060,2.930,0,15,-15
857.859,0.012,1.029,2.926,0,14,-14
857.910,0.012,1.029,2.949,-1,14,-15
857.961,0.012,1.029,2.949,-8,14,-12
858.012,0.012,1.029,2.964,-14,15,-8
858.063,0.012,1.029,2.964,-14,15,-6
858.114,-0.073,0.974,2.968,-15,15,-6
858.165,-0.073,0.974,2.983,-15,15,-6
858.216,-0.073,0.974,2.998,-16,15,-6
858.267,-0.073,0.974,2.998,-16,15,-7
858.318,-0.073,0.974,3.014,-15,15,-6
858.369,-0.073,0.974,3.027,-16,16,-6
858.420,-0.142,0.897,3.032,-15,15,-6
858.471,-0.142,0.897,3.045,-16,15,-5
858.522,-0.142,0.897,3.045,-16,16,-6
858.573,-0.142,0.897,3.049,-16,15,-6
858.675,-0.173,0.819,3.081,-16,15,-6
858.727,-0.173,0.819,3.089,-9,16,-10
858.778,-0.173,0.819,3.089,-2,15,-13
858.829,-0.173,0.819,3.080,1,16,-13
858.880,-0.173,0.819,3.078,-1,14,-14
858.931,-0.173,0.819,3.075,-1,15,-14
858.982,-0.175,0.736,3.075,0,15,-14
859.033,-0.175,0.736,3.067,0,15,-15
859.084,-0.175,0.736,3.083,0,15,-14
859.135,-0.175,0.736,3.068,-10,15,-8
859.186,-0.175,0.736,3.082,-14,16,-5
859.237,-0.175,0.736,3.082,-15,14,-6
859.288,-0.164,0.651,3.069,-15,16,-6
859.339,-0.164,0.651,3.071,-16,15,-6
859.390,-0.164,0.651,3.091,-16,15,-7
859.441,-0.164,0.651,3.091,-15,16,-7
859.492,-0.164,0.651,3.095,-16,15,-6
859.543,-0.150,0.564,3.095,-16,16,-6
859.595,-0.150,0.564,3.117,-15,16,-8
859.647,-0.150,0.564,3.150,-2,15,-12
859.698,-0.150,0.564,3.150,1,16,-13
859.749,-0.150,0.564,3.125,-1,15,-14
859.851,-0.125,0.478,3.115,1,16,-14
859.902,-0.125,0.478,3.115,0,15,-15
859.953,-0.125,0.478,3.109,0,14,-14
860.055,-0.125,0.478,3.111,0,15,-15
860.106,-0.125,0.478,3.101,-4,4,2
860.157,-0.106,0.393,3.101,-6,-3,3
860.208,-0.106,0.393,3.118,-2,2,-5
860.259,-0.106,0.393,3.133,4,1,2
860.310,-0.106,0.393,3.111,0,-1,0
860.361,-0.106,0.393,3.125,0,0,1
860.412,-0.092,0.308,3.125,1,1,-1
860.463,-0.092,0.308,3.115,0,0,0
860.514,-0.092,0.308,3.096,0,0,0
860.565,-0.092,0.308,3.111,0,0,0
860.616,-0.092,0.308,3.111,0,0,0
860.667,-0.092,0.308,3.126,0,0,0
860.718,-0.075,0.242,3.103,0,0,0
860.769,-0.075,0.242,3.115,0,0,1
860.820,-0.075,0.242,3.122,-1,0,0
860.871,-0.075,0.242,3.122,0,0,0
860.922,-0.075,0.242,3.097,0,-1,0
860.973,-0.075,0.242,3.125,0,-1,0
861.024,-0.069,0.197,3.123,0,0,0
861.075,-0.069,0.197,3.123,0,0,0
861.126,-0.069,0.197,3.111,0,0,0
861.177,-0.069,0.197,3.108,0,0,0
861.228,-0.069,0.197,3.126,0,0,0
861.279,-0.071,0.173,3.119,0,0,0
861.330,-0.071,0.173,3.119,0,0,0
861.381,-0.071,0.173,3.116,0,0,0
861.432,-0.071,0.173,3.125,0,0,0
861.483,-0.071,0.173,3.124,0,1,0
861.534,-0.071,0.173,3.124,0,0,0
861.585,-0.070,0.171,3.116,0,0,0
861.636,-0.070,0.171,3.119,0,0,0
861.687,-0.070,0.171,3.125,0,0,0
861.738,-0.070,0.171,3.119,0,0,0
861.789,-0.070,0.171,3.119,0,0,0
861.840,-0.070,0.171,3.119,0,0,0
861.891,-0.070,0.171,3.115,0,0,0
861.942,-0.070,0.171,3.111,0,0,0
861.993,-0.070,0.171,3.111,0,0,0
862.044,-0.070,0.171,3.125,0,0,0
862.095,-0.070,0.171,3.107,0,0,0
862.146,-0.071,0.171,3.110,0,0,0
862.197,-0.071,0.171,3.126,0,0,0
862.248,-0.071,0.171,3.126,0,0,0
862.299,-0.071,0.171,3.115,0,0,0
862.350,-0.071,0.171,3.108,0,0,0
862.401,-0.071,0.171,3.107,0,0,0
862.452,-0.071,0.171,3.124,0,0,0
862.503,-0.071,0.171,3.124,0,0,0
862.554,-0.071,0.171,3.112,0,0,0
862.605,-0.071,0.171,3.119,0,0,0
862.656,-0.071,0.171,3.102,0,0,0
862.707,-0.072,0.171,3.102,0,0,0
862.758,-0.072,0.171,3.115,0,0,0
862.809,-0.072,0.171,3.119,0,0,0
862.860,-0.072,0.171,3.104,0,0,0
862.911,-0.072,0.171,3.111,0,0,0
862.962,-0.072,0.171,3.111,0,0,0
863.013,-0.074,0.171,3.114,0,0,0
863.064,-0.074,0.171,3.119,0,0,0
863.115,-0.074,0.171,3.100,0,0,0
863.166,-0.074,0.171,3.100,0,0,0
863.217,-0.074,0.171,3.122,0,0,0
863.268,-0.074,0.171,3.113,0,0,0
863.319,-0.074,0.171,3.105,0,0,0
863.370,-0.074,0.171,3.107,0,0,0
863.421,-0.074,0.171,3.107,0,0,0
863.472,-0.074,0.171,3.115,0,0,0
863.523,-0.074,0.171,3.126,0,0,0
863.574,-0.074,0.172,3.107,0,0,0
863.625,-0.074,0.172,3.107,1,0,0
863.676,-0.074,0.172,3.129,0,0,0
863.727,-0.074,0.172,3.124,0,0,0
863.778,-0.074,0.172,3.119,0,0,0
863.829,-0.074,0.172,3.112,0,0,0
863.880,-0.074,0.171,3.112,0,0,0
863.931,-0.074,0.171,3.118,0,0,0
863.982,-0.074,0.171,3.114,0,0,0
864.033,-0.074,0.171,3.103,0,0,0
864.084,-0.074,0.171,3.124,0,0,0
864.135,-0.074,0.171,3.124,0,0,0
864.186,-0.072,0.171,3.107,0,0,0
864.237,-0.072,0.171,3.133,0,0,0
864.288,-0.072,0.171,3.117,0,0,0
864.339,-0.072,0.171,3.117,0,0,-1
864.390,-0.072,0.171,3.126,0,0,0
864.441,-0.072,0.172,3.118,0,0,0
864.492,-0.072,0.172,3.116,0,0,0
864.543,-0.072,0.172,3.111,0,0,0
864.594,-0.072,0.172,3.111,0,0,0
864.645,-0.072,0.172,3.112,0,0,0
864.696,-0.072,0.172,3.118,0,0,0
864.747,-0.071,0.172,3.118,0,0,0
864.798,-0.071,0.172,3.118,0,0,0
864.849,-0.071,0.172,3.125,0,0,0
864.900,-0.071,0.172,3.111,0,0,0
864.951,-0.071,0.172,3.117,0,0,0
865.002,-0.071,0.172,3.115,0,0,0
865.053,-0.070,0.172,3.115,0,0,0
865.104,-0.070,0.172,3.121,0,0,0
865.155,-0.070,0.172,3.107,0,0,0
865.206,-0.070,0.172,3.114,0,0,0
865.257,-0.070,0.172,3.114,0,0,0
865.308,-0.070,0.171,3.108,0,0,0
865.359,-0.070,0.171,3.102,0,0,0
865.410,-0.070,0.171,3.118,0,-1,0
865.461,-0.070,0.171,3.115,0,0,0
865.512,-0.070,0.171,3.115,0,0,0
865.563,-0.070,0.171,3.121,0,0,0
865.614,-0.069,0.170,3.124,0,0,0
865.665,-0.069,0.170,3.109,0,0,0
865.716,-0.069,0.170,3.109,0,0,0
865.767,-0.069,0.170,3.107,0,0,0
865.818,-0.069,0.170,3.117,0,0,0
865.869,-0.069,0.170,3.120,0,0,0
865.920,-0.068,0.170,3.120,0,0,0
865.971,-0.068,0.170,3.120,0,0,0
866.022,-0.068,0.170,3.103,0,0,0
866.073,-0.068,0.170,3.117,0,0,0
866.124,-0.068,0.170,3.123,0,0,0
866.175,-0.068,0.170,3.119,0,0,0
866.226,-0.068,0.170,3.119,0,0,0
866.277,-0.068,0.170,3.112,0,0,0
866.328,-0.068,0.170,3.113,0,0,0
