180.777,0.120,1.199,3.207,0,0,0
180.838,0.120,1.199,3.203,0,0,0
180.889,0.120,1.199,3.203,0,0,0
180.940,0.120,1.199,3.204,0,0,0
180.991,0.120,1.199,3.207,0,0,0
181.042,0.120,1.199,3.207,0,0,0
181.093,0.120,1.199,3.207,0,0,0
181.144,0.120,1.199,3.194,0,0,0
181.195,0.120,1.199,3.198,0,0,0
181.246,0.120,1.199,3.210,0,0,0
181.297,0.120,1.199,3.191,0,0,0
181.348,0.121,1.199,3.191,0,0,0
181.399,0.121,1.199,3.210,0,0,0
181.450,0.121,1.199,3.210,0,0,0
181.501,0.121,1.199,3.200,0,0,0
181.552,0.121,1.199,3.200,0,0,0
181.603,0.121,1.199,3.216,0,0,0
181.654,0.121,1.199,3.188,0,0,0
181.705,0.121,1.199,3.200,0,0,-1
181.756,0.121,1.199,3.204,0,0,0
181.807,0.121,1.199,3.204,0,0,0
181.858,0.121,1.199,3.197,0,0,0
181.909,0.120,1.199,3.200,0,0,0
181.960,0.120,1.199,3.210,0,0,0
182.011,0.120,1.199,3.194,0,0,0
182.062,0.120,1.199,3.194,0,0,0
182.113,0.120,1.199,3.216,0,0,0
182.164,0.120,1.199,3.210,0,0,0
182.215,0.121,1.199,3.207,0,0,0
182.266,0.121,1.199,3.207,0,0,0
182.317,0.121,1.199,3.207,0,0,0
182.368,0.121,1.199,3.210,0,0,0
182.419,0.121,1.199,3.203,0,0,0
182.470,0.120,1.198,3.210,0,0,0
182.521,0.120,1.198,3.210,0,0,0
182.572,0.120,1.198,3.197,0,0,0
182.623,0.120,1.198,3.200,0,0,0
182.674,0.120,1.198,3.213,0,0,0
182.725,0.120,1.198,3.213,0,0,0
182.776,0.121,1.198,3.197,0,0,0
182.827,0.121,1.198,3.219,0,0,0
182.878,0.121,1.198,3.210,0,0,0
182.929,0.121,1.198,3.204,0,0,0
182.980,0.121,1.198,3.204,0,0,0
183.031,0.121,1.198,3.213,0,0,0
183.082,0.121,1.197,3.213,0,0,0
183.133,0.121,1.197,3.210,0,0,0
183.184,0.121,1.197,3.210,0,0,0
183.235,0.121,1.197,3.206,0,0,0
183.286,0.121,1.197,3.207,0,0,0
183.337,0.121,1.197,3.216,0,0,0
183.388,0.121,1.197,3.194,0,0,0
183.439,0.121,1.197,3.194,0,0,0
183.490,0.121,1.197,3.210,0,0,0
183.541,0.121,1.197,3.210,0,0,0
183.592,0.121,1.197,3.210,0,0,0
183.643,0.121,1.197,3.200,0,0,0
183.694,0.121,1.197,3.200,0,0,0
183.745,0.121,1.197,3.201,0,0,0
183.796,0.121,1.197,3.203,0,0,0
183.847,0.121,1.197,3.216,0,0,0
183.898,0.121,1.197,3.216,0,0,0
183.949,0.121,1.198,3.210,0,0,0
184.000,0.121,1.198,3.207,0,0,0
184.051,0.121,1.198,3.210,0,0,0
184.102,0.121,1.198,3.197,0,0,0
184.153,0.121,1.198,3.197,0,0,0
184.204,0.121,1.198,3.207,0,0,0
184.255,0.121,1.198,3.203,0,0,0
184.306,0.121,1.198,3.207,0,0,0
184.357,0.121,1.198,3.207,0,0,0
184.408,0.121,1.198,3.210,0,0,0
184.459,0.121,1.198,3.200,0,0,0
184.510,0.120,1.198,3.194,0,0,0
184.561,0.120,1.198,3.216,0,0,0
184.612,0.120,1.198,3.216,0,0,0
184.663,0.120,1.198,3.210,0,0,0
184.714,0.120,1.198,3.210,0,0,0
184.765,0.120,1.198,3.207,0,0,0
184.816,0.120,1.198,3.207,0,0,0
184.867,0.120,1.198,3.206,0,0,0
184.918,0.120,1.198,3.213,0,0,0
184.969,0.120,1.198,3.213,0,0,0
185.020,0.120,1.198,3.210,0,0,0
185.071,0.120,1.198,3.210,0,0,0
185.122,0.120,1.198,3.210,0,0,0
185.173,0.120,1.198,3.210,0,0,0
185.224,0.120,1.198,3.206,0,0,0
185.275,0.120,1.198,3.192,0,0,0
185.326,0.120,1.198,3.192,0,0,0
185.377,0.120,1.198,3.207,0,0,0
185.428,0.120,1.198,3.216,0,0,0
185.479,0.120,1.198,3.206,0,0,0
185.530,0.120,1.198,3.206,0,0,0
185.581,0.120,1.198,3.198,0,0,0
185.632,0.119,1.199,3.200,0,0,0
185.683,0.119,1.199,3.210,0,0,0
185.734,0.119,1.199,3.206,0,0,0
185.785,0.119,1.199,3.206,0,0,0
185.836,0.119,1.199,3.201,0,0,0
185.887,0.119,1.199,3.197,0,0,0
185.938,0.119,1.198,3.210,0,0,0
185.989,0.119,1.198,3.210,0,0,0
186.040,0.119,1.198,3.219,0,0,0
186.091,0.119,1.198,3.216,0,0,0
186.142,0.119,1.198,3.197,0,0,0
186.193,0.119,1.198,3.213,0,0,0
186.244,0.120,1.198,3.213,0,0,0
186.295,0.120,1.198,3.216,0,0,0
186.346,0.120,1.198,3.201,0,0,0
186.397,0.120,1.198,3.222,0,0,0
186.448,0.120,1.198,3.222,0,0,0
186.499,0.119,1.198,3.219,0,0,0
186.550,0.119,1.198,3.201,0,0,0
186.601,0.119,1.198,3.201,0,0,0
186.652,0.119,1.198,3.213,0,0,0
186.703,0.119,1.198,3.213,0,0,0
186.754,0.119,1.198,3.213,0,0,0
186.805,0.119,1.197,3.203,0,0,0
186.856,0.119,1.197,3.213,0,0,0
186.907,0.119,1.197,3.207,0,0,0
186.958,0.119,1.197,3.207,0,0,0
187.009,0.119,1.197,3.216,0,0,0
187.060,0.119,1.197,3.222,0,0,0
187.111,0.119,1.197,3.213,0,0,0
187.162,0.119,1.197,3.213,0,0,0
187.213,0.119,1.197,3.219,0,0,0
187.264,0.119,1.197,3.216,0,0,0
187.315,0.119,1.197,3.216,0,0,0
187.366,0.118,1.198,3.216,0,0,0
187.417,0.118,1.198,3.216,0,0,0
187.468,0.118,1.198,3.216,0,0,0
187.519,0.118,1.198,3.203,0,0,0
187.621,0.118,1.198,3.207,0,7,-7
187.672,0.119,1.198,3.216,1,9,-11
187.723,0.119,1.198,3.197,1,9,-10
187.774,0.119,1.198,3.197,0,10,-10
187.876,0.119,1.198,3.210,0,10,-11
187.927,0.120,1.198,3.203,0,-1,0
187.978,0.120,1.198,3.200,0,0,0
188.029,0.120,1.198,3.206,0,1,1
188.080,0.120,1.198,3.206,0,-2,0
188.131,0.120,1.198,3.206,0,0,0
188.182,0.120,1.198,3.200,0,0,0
188.233,0.120,1.184,3.200,0,1,0
188.284,0.120,1.184,3.203,0,0,0
188.335,0.120,1.184,3.203,0,0,0
188.386,0.120,1.184,3.194,0,0,-1
188.437,0.120,1.184,3.194,0,-1,0
188.488,0.120,1.184,3.197,0,0,0
188.539,0.121,1.169,3.213,0,0,0
188.590,0.121,1.169,3.213,0,0,0
188.641,0.121,1.169,3.216,0,0,0
188.692,0.121,1.169,3.213,0,0,0
188.794,0.121,1.153,3.209,0,0,0
188.845,0.121,1.153,3.194,-1,10,-10
188.896,0.121,1.153,3.213,0,13,-14
188.947,0.121,1.153,3.206,0,13,-13
188.998,0.121,1.153,3.210,0,13,-14
189.049,0.121,1.153,3.210,0,2,-2
189.100,0.122,1.138,3.213,0,1,0
189.151,0.122,1.138,3.197,0,2,-3
189.202,0.122,1.138,3.200,0,-2,0
189.253,0.122,1.138,3.200,0,0,0
189.304,0.122,1.138,3.212,0,1,1
189.355,0.122,1.138,3.213,0,1,0
189.406,0.122,1.124,3.197,0,0,0
189.457,0.122,1.124,3.213,0,0,0
189.508,0.122,1.124,3.213,0,-1,0
189.559,0.122,1.124,3.203,0,0,0
189.610,0.122,1.124,3.213,0,0,0
189.661,0.121,1.109,3.206,0,0,0
189.712,0.121,1.109,3.206,0,0,0
189.763,0.121,1.109,3.219,0,0,0
189.814,0.121,1.109,3.209,0,0,0
189.865,0.121,1.109,3.210,0,0,0
189.916,0.121,1.109,3.206,0,1,0
189.967,0.117,1.095,3.206,0,0,0
190.018,0.117,1.095,3.203,0,0,0
190.069,0.117,1.095,3.200,0,0,0
190.171,0.117,1.095,3.203,0,0,0
190.222,0.117,1.095,3.203,0,0,0
190.273,0.113,1.080,3.203,0,0,0
190.324,0.113,1.080,3.191,0,0,-1
190.377,0.113,1.080,3.213,0,0,0
190.428,0.113,1.080,3.213,0,0,0
190.479,0.113,1.080,3.203,0,0,0
190.530,0.111,1.078,3.203,0,0,0
190.581,0.111,1.078,3.206,0,0,0
190.632,0.111,1.078,3.209,0,0,0
190.683,0.111,1.078,3.209,0,0,0
190.785,0.111,1.078,3.210,0,0,0
190.836,0.110,1.076,3.216,0,9,-9
190.887,0.110,1.076,3.216,0,13,-14
190.938,0.110,1.076,3.206,0,14,-14
191.041,0.110,1.076,3.229,9,14,-15
191.092,0.110,1.076,3.213,12,12,-16
191.143,0.107,1.076,3.213,13,10,-15
191.194,0.107,1.076,3.203,14,7,-16
191.245,0.107,1.076,3.176,14,7,-16
191.296,0.107,1.076,3.160,15,6,-15
191.347,0.107,1.076,3.162,16,6,-16
191.398,0.105,1.062,3.162,15,7,-16
191.449,0.105,1.062,3.135,15,7,-16
191.500,0.105,1.062,3.130,15,6,-16
191.551,0.105,1.062,3.130,16,6,-16
191.602,0.105,1.062,3.130,15,6,-16
191.653,0.105,1.062,3.093,16,6,-16
191.704,0.085,1.031,3.106,15,6,-15
191.755,0.085,1.031,3.087,16,7,-16
191.806,0.085,1.031,3.077,15,6,-16
191.857,0.085,1.031,3.077,15,8,-16
191.909,0.085,1.031,3.063,2,12,-16
191.960,0.046,0.988,3.065,-1,13,-15
192.011,0.046,0.988,3.086,0,13,-16
192.062,0.046,0.988,3.086,0,14,-15
192.113,0.046,0.988,3.078,0,14,-16
192.164,0.046,0.988,3.083,-1,14,-15
192.215,0.046,0.988,3.090,0,14,-15
192.266,-0.009,0.932,3.104,0,14,-15
192.317,-0.009,0.932,3.104,0,14,-15
192.368,-0.009,0.932,3.091,0,14,-15
192.419,-0.009,0.932,3.112,0,14,-15
192.470,-0.009,0.932,3.112,0,14,-15
192.521,-0.009,0.932,3.122,0,14,-15
192.572,-0.072,0.865,3.122,0,15,-15
192.623,-0.072,0.865,3.119,1,14,-15
192.674,-0.072,0.865,3.110,0,14,-15
192.725,-0.072,0.865,3.130,10,10,-14
192.776,-0.072,0.865,3.130,14,8,-16
192.827,-0.121,0.793,3.120,14,6,-15
192.878,-0.121,0.793,3.124,16,6,-16
192.929,-0.121,0.793,3.108,15,6,-15
192.980,-0.121,0.793,3.111,15,6,-16
193.031,-0.121,0.793,3.111,16,6,-16
193.082,-0.121,0.793,3.102,15,5,-15
193.184,-0.163,0.718,3.079,15,7,-16
193.235,-0.163,0.718,3.079,3,11,-15
193.286,-0.163,0.718,3.084,0,13,-15
193.337,-0.163,0.718,3.084,3,13,-15
193.388,-0.163,0.718,3.087,1,13,-15
193.439,-0.209,0.647,3.075,-1,14,-15
193.490,-0.209,0.647,3.075,0,14,-15
193.541,-0.209,0.647,3.094,1,14,-15
193.592,-0.209,0.647,3.091,1,14,-14
193.643,-0.209,0.647,3.099,0,14,-15
193.694,-0.260,0.587,3.099,0,14,-15
193.745,-0.260,0.587,3.109,0,14,-14
193.796,-0.260,0.587,3.096,-1,14,-15
193.847,-0.260,0.587,3.100,0,14,-15
193.898,-0.260,0.587,3.102,0,14,-14
193.949,-0.260,0.587,3.102,0,14,-14
194.000,-0.319,0.530,3.087,0,14,-15
194.051,-0.319,0.530,3.088,0,14,-14
194.102,-0.319,0.530,3.087,0,14,-14
194.153,-0.319,0.530,3.086,0,14,-15
194.204,-0.319,0.530,3.086,0,14,-14
194.255,-0.319,0.530,3.104,0,14,-14
194.306,-0.372,0.467,3.094,0,14,-14
194.357,-0.372,0.467,3.101,0,14,-15
194.408,-0.372,0.467,3.101,0,14,-14
194.459,-0.372,0.467,3.101,0,14,-14
194.510,-0.372,0.467,3.086,0,14,-14
194.561,-0.411,0.392,3.095,0,14,-15
194.612,-0.411,0.392,3.090,0,14,-14
194.663,-0.411,0.392,3.090,0,14,-14
194.714,-0.411,0.392,3.090,1,14,-14
194.765,-0.411,0.392,3.093,0,15,-15
194.816,-0.411,0.392,3.097,0,14,-14
194.867,-0.443,0.311,3.097,0,14,-14
194.918,-0.443,0.311,3.095,0,14,-15
194.969,-0.443,0.311,3.076,0,14,-14
195.020,-0.443,0.311,3.081,0,14,-14
195.071,-0.443,0.311,3.100,0,15,-14
195.122,-0.472,0.229,3.100,0,14,-15
195.173,-0.472,0.229,3.099,0,14,-14
195.224,-0.472,0.229,3.099,0,14,-14
195.275,-0.472,0.229,3.100,0,14,-14
195.326,-0.472,0.229,3.100,0,14,-15
195.377,-0.472,0.229,3.097,0,14,-14
195.428,-0.504,0.148,3.092,0,15,-14
195.479,-0.504,0.148,3.094,0,14,-14
195.530,-0.504,0.148,3.113,0,14,-14
195.581,-0.504,0.148,3.113,0,14,-15
195.632,-0.504,0.148,3.103,0,14,-14
195.683,-0.504,0.148,3.090,0,14,-14
195.734,-0.538,0.067,3.126,0,15,-15
195.785,-0.538,0.067,3.103,0,14,-14
195.887,-0.538,0.067,3.143,0,14,-15
195.939,-0.538,0.067,3.129,-9,15,-10
195.991,-0.572,-0.014,3.131,-14,15,-7
196.042,-0.572,-0.014,3.131,-15,15,-5
196.093,-0.572,-0.014,3.125,-14,15,-6
196.144,-0.572,-0.014,3.130,-16,15,-6
196.195,-0.572,-0.014,3.115,-15,15,-7
196.246,-0.572,-0.014,3.127,-15,15,-6
196.297,-0.606,-0.096,3.127,-16,15,-6
196.348,-0.606,-0.096,3.111,-15,16,-6
196.399,-0.606,-0.096,3.144,-16,15,-6
196.450,-0.606,-0.096,3.134,-16,16,-5
196.502,-0.606,-0.096,3.134,-6,15,-11
196.553,-0.606,-0.096,3.140,0,16,-12
196.604,-0.618,-0.178,3.118,1,15,-13
196.655,-0.618,-0.178,3.109,0,14,-14
196.706,-0.618,-0.178,3.109,0,15,-14
196.757,-0.618,-0.178,3.109,0,15,-14
196.808,-0.618,-0.178,3.102,-1,14,-15
196.859,-0.616,-0.262,3.111,0,15,-14
196.910,-0.616,-0.262,3.108,0,14,-14
196.961,-0.616,-0.262,3.111,0,15,-14
197.012,-0.616,-0.262,3.111,0,14,-14
197.063,-0.616,-0.262,3.105,0,15,-14
197.114,-0.616,-0.262,3.107,0,14,-14
197.165,-0.597,-0.348,3.101,0,15,-14
197.216,-0.597,-0.348,3.101,0,14,-14
197.267,-0.597,-0.348,3.115,0,15,-15
197.318,-0.597,-0.348,3.114,0,14,-14
197.369,-0.597,-0.348,3.131,0,15,-14
197.420,-0.597,-0.348,3.137,0,14,-14
197.471,-0.580,-0.433,3.137,0,14,-14
197.522,-0.580,-0.433,3.146,0,15,-15
197.573,-0.580,-0.433,3.138,0,14,-14
197.624,-0.580,-0.433,3.139,0,14,-14
197.675,-0.580,-0.433,3.139,0,14,-14
197.726,-0.578,-0.515,3.157,0,15,-14
197.777,-0.578,-0.515,3.148,0,14,-14
197.828,-0.578,-0.515,3.153,0,14,-14
197.879,-0.578,-0.515,3.183,0,15,-14
197.930,-0.578,-0.515,3.183,-8,14,-12
197.982,-0.578,-0.515,3.167,-14,15,-8
198.033,-0.608,-0.597,3.171,-14,15,-5
198.084,-0.608,-0.597,3.172,-15,15,-5
198.135,-0.608,-0.597,3.172,-15,15,-6
198.237,-0.608,-0.597,3.156,-15,15,-1
198.288,-0.633,-0.673,3.134,-16,16,6
198.340,-0.633,-0.673,3.074,-15,15,5
198.391,-0.633,-0.673,3.074,-16,15,5
198.442,-0.633,-0.673,3.040,-16,14,5
198.494,-0.633,-0.673,3.013,-15,13,8
198.545,-0.633,-0.673,2.982,-16,12,11
198.596,-0.630,-0.752,2.934,-16,10,10
198.647,-0.630,-0.752,2.934,-15,10,10
198.698,-0.630,-0.752,2.912,-16,9,10
198.749,-0.630,-0.752,2.881,-16,9,9
198.800,-0.630,-0.752,2.856,-16,8,10
198.851,-0.630,-0.752,2.856,-16,9,9
198.902,-0.602,-0.819,2.831,-15,9,9
198.953,-0.602,-0.819,2.810,-16,8,8
199.004,-0.602,-0.819,2.787,-16,8,9
199.055,-0.602,-0.819,2.790,-16,9,8
199.106,-0.602,-0.819,2.790,-15,8,9
199.157,-0.522,-0.874,2.769,-16,9,8
199.208,-0.522,-0.874,2.756,-16,8,8
199.259,-0.522,-0.874,2.746,-16,8,8
199.310,-0.522,-0.874,2.746,-16,8,8
199.361,-0.522,-0.874,2.746,-16,9,9
199.412,-0.522,-0.874,2.737,-15,8,8
199.463,-0.436,-0.919,2.730,-16,8,8
199.514,-0.436,-0.919,2.721,-16,8,8
199.565,-0.436,-0.919,2.721,-16,8,8
199.616,-0.436,-0.919,2.719,-16,8,9
199.668,-0.436,-0.919,2.710,-16,10,3
199.719,-0.436,-0.919,2.698,-16,13,-1
199.821,-0.348,-0.941,2.732,-15,15,1
199.872,-0.348,-0.941,2.726,-16,15,0
199.923,-0.348,-0.941,2.738,-16,14,0
199.975,-0.348,-0.941,2.750,-17,15,-6
200.026,-0.276,-0.967,2.750,-16,14,-9
200.077,-0.276,-0.967,2.785,-16,15,-9
200.128,-0.276,-0.967,2.830,-15,15,-8
200.179,-0.276,-0.967,2.851,-16,16,-8
200.231,-0.276,-0.967,2.876,-16,15,5
200.282,-0.276,-0.967,2.876,-15,13,10
200.333,-0.202,-1.006,2.851,-16,12,8
200.384,-0.202,-1.006,2.854,-16,10,10
200.435,-0.202,-1.006,2.837,-16,9,10
200.486,-0.202,-1.006,2.817,-16,8,9
200.537,-0.202,-1.006,2.817,-16,9,10
200.588,-0.202,-1.006,2.812,-16,7,10
200.640,-0.138,-1.052,2.786,-16,-1,12
200.743,-0.138,-1.052,2.811,-16,-2,15
200.794,-0.138,-1.052,2.819,-16,-4,15
200.845,-0.138,-1.052,2.841,-16,-4,15
200.896,-0.077,-1.102,2.845,-16,-3,16
200.947,-0.077,-1.102,2.874,-16,-4,15
200.998,-0.077,-1.102,2.874,-16,-4,16
201.049,-0.077,-1.102,2.858,-16,-3,15
201.100,-0.077,-1.102,2.870,-16,-3,16
201.151,-0.077,-1.102,2.895,-16,-3,15
201.202,-0.077,-1.102,2.895,-16,6,15
201.253,-0.077,-1.102,2.883,-16,10,12
201.304,-0.077,-1.102,2.873,-16,10,12
201.355,-0.077,-1.102,2.844,-16,10,10
201.406,-0.077,-1.102,2.871,-17,9,9
201.457,-0.077,-1.102,2.871,-16,10,9
201.508,-0.077,-1.102,2.843,-16,9,9
201.559,-0.077,-1.102,2.843,-16,9,9
201.610,-0.077,-1.102,2.859,-16,9,8
201.661,-0.077,-1.102,2.859,-16,8,9
201.712,-0.077,-1.102,2.861,-17,9,8
201.763,-0.077,-1.102,2.869,-16,8,9
201.814,-0.077,-1.102,2.869,-16,8,8
201.865,-0.077,-1.102,2.866,-16,9,8
201.916,-0.077,-1.102,2.866,-16,8,9
201.967,-0.077,-1.102,2.877,-16,9,8
202.018,-0.077,-1.102,2.872,-16,8,8
202.069,-0.077,-1.102,2.893,-17,8,8
202.120,-0.077,-1.102,2.917,-16,9,8
202.171,-0.077,-1.102,2.917,-16,8,9
202.222,-0.077,-1.102,2.914,-16,8,8
202.273,-0.077,-1.102,2.944,-16,8,8
202.324,-4.287,3.321,2.958,-17,8,8
202.375,-4.287,3.321,2.958,-16,9,8
202.426,-4.287,3.321,2.961,-16,8,8
202.529,-4.287,3.321,2.985,-16,-2,12
202.580,-4.287,3.321,3.012,-17,-4,14
202.631,-4.287,3.321,3.012,-16,-3,14
202.682,-4.287,3.321,3.024,-16,-5,15
202.733,-4.287,3.321,3.066,-17,-4,15
202.784,-4.287,3.321,3.098,-16,-5,15
202.835,-4.287,3.321,3.098,-16,-4,16
202.886,-4.287,3.321,3.135,-16,-3,15
202.937,-4.287,3.321,3.157,-17,-4,16
202.989,-4.287,3.321,3.175,-16,-4,15
203.040,-4.287,3.321,3.205,-16,-4,16
203.091,-4.287,3.321,3.205,-16,-3,15
203.142,-4.287,3.321,3.209,-16,-3,16
203.193,-4.287,3.321,3.231,-17,-3,15
203.244,-4.287,3.321,3.270,-16,-3,16
203.295,-4.287,3.321,3.283,-16,-6,15
203.346,-4.287,3.321,3.283,-17,-7,16
203.397,-4.287,3.321,3.326,-16,-6,15
203.448,-4.287,3.321,3.335,-16,-7,16
203.499,-4.287,3.321,3.367,-16,-6,15
203.550,-4.287,3.321,3.367,-17,-6,16
203.601,-4.287,3.321,3.393,-16,-6,15
203.652,-4.287,3.321,3.408,-16,-6,16
203.703,-4.287,3.321,3.438,-16,-6,16
203.754,-4.287,3.321,3.466,-16,-6,15
203.805,0.797,-1.136,3.466,-17,-7,16
203.856,0.797,-1.136,3.474,-16,-5,16
203.907,0.797,-1.136,3.485,-16,-6,16
203.958,0.797,-1.136,3.510,-16,-6,16
204.009,0.797,-1.136,3.510,-17,-6,16
204.060,0.872,-1.083,3.539,-16,-6,16
204.111,0.872,-1.083,3.557,-16,-6,16
204.162,0.872,-1.083,3.565,-16,-6,16
204.213,0.872,-1.083,3.589,-17,-5,16
204.265,0.872,-1.083,3.589,-16,-8,16
204.317,0.872,-1.083,3.628,-14,-11,16
204.368,0.943,-1.022,3.657,-5,-12,16
204.419,0.943,-1.022,3.640,2,-12,16
204.470,0.943,-1.022,3.621,-3,-14,15
204.521,0.943,-1.022,3.621,-2,-14,15
204.572,0.943,-1.022,3.644,0,-14,16
204.623,1.005,-0.960,3.636,0,-14,15
204.674,1.005,-0.960,3.636,2,-14,15
204.725,1.005,-0.960,3.636,0,-15,15
204.776,1.005,-0.960,3.634,0,-14,14
204.827,1.005,-0.960,3.637,-1,-14,15
204.878,1.005,-0.960,3.641,0,-14,15
204.929,1.048,-0.886,3.630,0,-14,15
204.980,1.048,-0.886,3.630,0,-14,15
205.031,1.048,-0.886,3.643,0,-14,15
205.082,1.048,-0.886,3.638,0,-14,15
205.133,1.048,-0.886,3.637,2,-15,14
205.185,1.048,-0.886,3.637,11,-14,10
205.236,1.075,-0.810,3.616,15,-15,7
205.287,1.075,-0.810,3.611,14,-14,7
205.338,1.075,-0.810,3.602,16,-15,7
205.389,1.075,-0.810,3.574,15,-15,7
205.440,1.075,-0.810,3.574,15,-15,6
205.491,1.082,-0.730,3.559,16,-16,6
205.542,1.082,-0.730,3.541,15,-15,7
205.593,1.082,-0.730,3.515,16,-15,6
205.646,1.082,-0.730,3.497,16,-16,3
205.698,1.082,-0.730,3.497,15,-15,-8
205.749,1.082,-0.730,3.508,15,-13,-11
205.800,1.059,-0.650,3.537,16,-12,-10
205.851,1.059,-0.650,3.552,15,-11,-10
205.902,1.059,-0.650,3.552,16,-9,-11
205.953,1.059,-0.650,3.563,15,-9,-10
206.004,1.059,-0.650,3.583,16,-9,-10
206.055,1.059,-0.650,3.595,16,-12,5
206.106,1.013,-0.584,3.572,16,-14,9
206.157,1.013,-0.584,3.572,16,-14,6
206.209,1.013,-0.584,3.532,3,-14,11
206.260,1.013,-0.584,3.514,2,-15,13
206.311,1.013,-0.584,3.508,3,-14,15
206.362,0.950,-0.537,3.501,1,-14,14
206.413,0.950,-0.537,3.501,0,-14,15
206.464,0.950,-0.537,3.497,0,-15,14
206.515,0.950,-0.537,3.488,0,-14,15
206.566,0.950,-0.537,3.493,0,-14,15
206.670,0.876,-0.496,3.513,-10,-14,15
206.721,0.876,-0.496,3.539,-9,-11,15
206.772,0.876,-0.496,3.552,-11,-12,16
206.823,0.876,-0.496,3.576,-11,-10,15
206.875,0.876,-0.496,3.576,-11,-9,16
206.926,0.821,-0.452,3.615,-12,-10,16
206.978,0.821,-0.452,3.615,-11,-10,15
207.029,0.821,-0.452,3.635,-11,-9,16
207.080,0.821,-0.452,3.656,-11,-9,16
207.183,0.821,-0.452,3.674,-12,-9,17
207.236,0.797,-0.396,3.702,-11,-8,15
207.287,0.797,-0.396,3.699,-13,-9,16
207.338,0.797,-0.396,3.699,-12,-8,15
207.389,0.797,-0.396,3.734,-12,-8,17
207.440,0.797,-0.396,3.756,-12,-8,16
207.491,0.797,-0.396,3.746,-12,-8,15
207.542,0.797,-0.317,3.768,-12,-8,17
207.593,0.797,-0.317,3.768,-12,-8,15
207.644,0.797,-0.317,3.796,-12,-9,16
207.695,0.797,-0.317,3.794,-12,-7,16
207.746,0.797,-0.317,3.821,-12,-9,16
207.797,0.815,-0.234,3.822,-12,-8,17
207.901,0.815,-0.234,3.825,2,-11,16
207.952,0.815,-0.234,3.817,3,-13,16
208.003,0.815,-0.234,3.800,-1,-13,15
208.054,0.815,-0.234,3.800,2,-14,16
208.105,0.842,-0.152,3.778,1,-14,15
208.156,0.842,-0.152,3.769,0,-14,15
208.207,0.842,-0.152,3.762,0,-14,15
208.258,0.842,-0.152,3.746,0,-14,15
208.309,0.842,-0.152,3.746,-1,-14,15
208.360,0.858,-0.067,3.734,0,-14,15
208.411,0.858,-0.067,3.733,0,-14,15
208.462,0.858,-0.067,3.715,0,-14,15
208.513,0.858,-0.067,3.715,0,-14,15
208.564,0.858,-0.067,3.718,0,-14,15
208.615,0.858,-0.067,3.696,0,-14,14
208.666,0.861,0.011,3.685,0,-14,15
208.717,0.861,0.011,3.676,0,-14,15
208.768,0.861,0.011,3.676,0,-14,14
208.819,0.861,0.011,3.684,1,-14,15
208.870,0.861,0.011,3.665,0,-14,15
208.921,0.861,0.011,3.662,0,-14,14
208.972,0.853,0.099,3.662,0,-14,15
209.023,0.853,0.099,3.662,0,-15,14
209.074,0.853,0.099,3.641,0,-14,15
209.125,0.853,0.099,3.629,0,-14,14
209.176,0.853,0.099,3.628,0,-14,14
209.227,0.832,0.186,3.628,0,-14,15
209.278,0.832,0.186,3.628,0,-15,14
209.329,0.832,0.186,3.635,3,-14,15
209.381,0.832,0.186,3.612,7,-15,13
209.433,0.832,0.186,3.581,9,-14,13
209.485,0.832,0.186,3.581,12,-15,11
209.536,0.806,0.270,3.539,13,-16,9
209.588,0.806,0.270,3.530,13,-15,9
209.640,0.806,0.270,3.501,13,-15,7
209.691,0.806,0.270,3.487,14,-15,7
209.742,0.806,0.270,3.487,15,-16,6
209.793,0.806,0.270,3.466,14,-15,6
209.844,0.778,0.359,3.434,14,-15,7
209.895,0.778,0.359,3.425,14,-15,6
209.946,0.778,0.359,3.425,15,-16,8
209.997,0.778,0.359,3.396,14,-15,6
210.048,0.778,0.359,3.361,14,-15,7
210.099,0.741,0.437,3.338,15,-16,7
210.150,0.741,0.437,3.328,14,-15,7
210.201,0.741,0.437,3.328,14,-15,6
210.252,0.741,0.437,3.300,15,-16,6
210.303,0.741,0.437,3.287,15,-15,6
210.354,0.741,0.437,3.259,15,-16,5
210.405,0.692,0.510,3.259,16,-15,5
210.456,0.692,0.510,3.241,15,-16,6
210.507,0.692,0.510,3.216,15,-15,6
210.558,0.692,0.510,3.199,16,-16,5
210.609,0.692,0.510,3.189,15,-15,6
210.660,0.692,0.510,3.189,16,-16,6
210.711,0.621,0.578,3.154,15,-16,6
210.762,0.621,0.578,3.121,15,-15,5
210.813,0.621,0.578,3.104,16,-16,6
210.864,0.621,0.578,3.104,15,-16,6
210.915,0.621,0.578,3.088,16,-15,6
210.966,0.558,0.644,3.076,16,-16,6
211.017,0.558,0.644,3.047,15,-16,6
211.068,0.558,0.644,3.027,16,-16,5
211.119,0.558,0.644,3.027,16,-15,6
211.170,0.558,0.644,3.012,15,-16,6
211.221,0.558,0.644,2.993,16,-16,6
211.272,0.493,0.717,2.961,16,-15,5
211.323,0.493,0.717,2.937,16,-16,7
211.374,0.493,0.717,2.937,15,-16,6
211.425,0.493,0.717,2.919,16,-15,6
211.528,0.436,0.793,2.883,16,-16,1
211.579,0.436,0.793,2.883,15,-16,-9
211.630,0.436,0.793,2.902,15,-14,-12
211.681,0.436,0.793,2.937,16,-14,-11
211.732,0.436,0.793,2.966,15,-12,-11
211.783,0.436,0.793,2.996,16,-12,-11
211.834,0.397,0.873,2.996,16,-11,-11
211.885,0.397,0.873,3.021,16,-11,-9
211.936,0.397,0.873,3.037,16,-11,-10
211.987,0.397,0.873,3.072,16,-9,-9
212.038,0.397,0.873,3.072,15,-10,-9
212.089,0.397,0.873,3.087,16,-9,-9
212.140,0.335,0.946,3.098,16,-9,-9
212.191,0.335,0.946,3.107,16,-9,-9
212.242,0.335,0.946,3.114,16,-9,-8
212.293,0.335,0.946,3.114,16,-9,-9
212.344,0.335,0.946,3.126,16,-8,-8
212.395,0.270,1.002,3.149,15,-9,-8
212.446,0.270,1.002,3.149,16,-8,-8
212.497,0.270,1.002,3.149,16,-9,-8
212.548,0.270,1.002,3.170,16,-8,-8
212.599,0.270,1.002,3.181,16,-8,-9
212.650,0.270,1.002,3.206,16,-5,-10
212.702,0.189,1.044,3.212,16,2,-12
212.754,0.189,1.044,3.212,17,4,-15
212.806,0.189,1.044,3.199,16,6,-14
212.857,0.189,1.044,3.192,16,9,-15
212.908,0.189,1.044,3.179,16,9,-15
212.959,0.189,1.044,3.135,15,8,-16
213.010,0.099,1.067,3.135,16,8,-15
213.061,0.099,1.067,3.129,16,8,-16
213.112,0.099,1.067,3.125,16,8,-16
213.163,0.099,1.067,3.111,16,7,-15
213.214,0.099,1.067,3.111,15,7,-16
213.265,0.014,1.068,3.109,16,6,-16
213.316,0.014,1.068,3.072,16,7,-15
213.367,0.014,1.068,3.081,16,6,-16
213.418,0.014,1.068,3.062,16,6,-16
213.469,0.014,1.068,3.062,16,6,-15
213.520,0.014,1.068,3.059,16,6,-16
213.571,-0.062,1.048,3.068,16,6,-16
213.622,-0.062,1.048,3.046,16,6,-16
213.673,-0.062,1.048,3.031,16,6,-15
213.724,-0.062,1.048,3.031,16,6,-16
213.775,-0.062,1.048,3.027,5,11,-16
213.826,-0.062,1.048,3.005,-1,13,-15
213.877,-0.158,1.018,3.038,-9,13,-11
213.928,-0.158,1.018,3.038,-12,14,-9
213.979,-0.158,1.018,3.019,-13,15,-7
214.030,-0.158,1.018,3.036,-15,15,-8
214.082,-0.158,1.018,3.038,-14,15,0
214.134,-0.238,0.978,3.027,-15,15,6
214.185,-0.238,0.978,3.027,-14,12,10
214.236,-0.238,0.978,3.005,-15,11,11
214.287,-0.238,0.978,2.971,-15,10,9
214.338,-0.238,0.978,2.946,-16,9,10
214.389,-0.238,0.978,2.946,-15,9,9
214.440,-0.291,0.931,2.937,-15,9,10
214.491,-0.291,0.931,2.918,-15,8,8
214.542,-0.291,0.931,2.894,-16,9,9
214.593,-0.291,0.931,2.891,-16,9,8
214.645,-0.291,0.931,2.891,-15,10,7
214.696,-0.320,0.885,2.866,-16,11,6
214.749,-0.320,0.885,2.832,-15,10,6
214.800,-0.320,0.885,2.838,-16,11,5
214.902,-0.320,0.885,2.821,-16,10,6
214.953,-0.320,0.885,2.805,-15,11,5
215.004,-0.294,0.834,2.790,-16,11,5
215.055,-0.294,0.834,2.768,-15,11,6
215.106,-0.294,0.834,2.768,-16,11,5
215.208,-0.294,0.834,2.731,-16,11,5
215.259,-0.294,0.834,2.715,-15,11,5
215.310,-0.243,0.781,2.698,-16,11,5
215.361,-0.243,0.781,2.698,-15,11,5
215.412,-0.243,0.781,2.681,-16,11,6
215.463,-0.243,0.781,2.682,-16,11,5
215.514,-0.243,0.781,2.650,-15,10,7
215.565,-0.192,0.722,2.650,-16,9,9
215.616,-0.192,0.722,2.652,-15,7,9
215.667,-0.192,0.722,2.623,-16,8,8
215.718,-0.192,0.722,2.607,-16,8,9
215.769,-0.192,0.722,2.595,-16,8,9
215.820,-0.192,0.722,2.595,-15,8,8
215.871,-0.135,0.657,2.588,-16,7,9
215.922,-0.135,0.657,2.580,-16,8,8
215.973,-0.135,0.657,2.569,-15,8,9
216.024,-0.135,0.657,2.562,-16,8,8
216.075,-0.135,0.657,2.562,-16,8,8
216.126,-0.135,0.657,2.558,-16,8,8
216.178,-0.070,0.599,2.545,-16,12,-6
216.229,-0.070,0.599,2.550,-16,13,-9
216.280,-0.070,0.599,2.550,-16,14,-8
216.331,-0.070,0.599,2.581,-16,15,-9
216.382,-0.070,0.599,2.600,-16,15,-8
216.433,-0.005,0.538,2.642,-15,15,-8
216.484,-0.005,0.538,2.661,-16,15,-7
216.535,-0.005,0.538,2.661,-4,15,-12
216.586,-0.005,0.538,2.695,10,9,-14
216.689,-0.005,0.538,2.721,13,2,-15
216.740,0.056,0.475,2.721,13,0,-15
216.791,0.056,0.475,2.721,14,-1,-15
216.843,0.056,0.475,2.748,15,1,-16
216.894,0.056,0.475,2.762,16,1,-16
216.945,0.056,0.475,2.783,15,2,-15
217.047,0.096,0.418,2.758,15,2,-15
217.098,0.096,0.418,2.766,15,2,-16
217.149,0.096,0.418,2.774,16,2,-16
217.200,0.096,0.418,2.796,15,2,-16
217.302,0.097,0.363,2.766,16,2,-16
217.353,0.097,0.363,2.775,15,3,-16
217.404,0.097,0.363,2.777,16,3,-16
217.455,0.097,0.363,2.777,16,2,-16
217.557,0.097,0.363,2.800,16,2,-16
217.608,0.054,0.310,2.810,15,2,-16
217.659,0.054,0.310,2.833,16,3,-16
217.710,0.054,0.310,2.833,16,2,-16
217.761,0.054,0.310,2.826,16,3,-16
217.812,0.054,0.310,2.812,15,3,-16
217.863,-0.024,0.287,2.835,16,3,-16
217.915,-0.024,0.287,2.835,16,3,-16
217.966,-0.024,0.287,2.844,15,2,-16
218.017,-0.024,0.287,2.847,16,2,-16
218.068,-0.024,0.287,2.851,16,3,-16
218.119,-0.024,0.287,2.852,16,3,-16
218.170,-0.118,0.275,2.852,16,2,-16
218.221,-0.118,0.275,2.878,15,3,-16
218.272,-0.118,0.275,2.854,16,5,-16
218.323,-0.118,0.275,2.855,16,8,-16
218.374,-0.118,0.275,2.847,15,7,-16
218.425,-0.118,0.275,2.847,16,8,-16
218.476,-0.217,0.258,2.827,16,8,-17
218.529,-0.217,0.258,2.820,3,12,-16
218.580,-0.217,0.258,2.812,1,13,-16
218.631,-0.217,0.258,2.812,6,14,-15
218.682,-0.217,0.258,2.813,2,14,-16
218.733,-0.318,0.254,2.834,0,13,-15
218.784,-0.318,0.254,2.834,0,15,-16
218.835,-0.318,0.254,2.821,0,14,-15
218.886,-0.318,0.254,2.821,0,14,-16
218.937,-0.318,0.254,2.847,-1,14,-15
218.988,-0.318,0.254,2.830,0,14,-15
219.039,-0.409,0.238,2.868,0,15,-15
219.090,-0.409,0.238,2.868,0,14,-15
219.141,-0.409,0.238,2.883,0,14,-15
219.192,-0.409,0.238,2.863,0,14,-15
219.243,-0.409,0.238,2.863,0,14,-15
219.294,-0.409,0.238,2.883,-10,15,-10
219.345,-0.495,0.204,2.883,-15,15,-7
219.396,-0.495,0.204,2.889,-14,14,-7
219.447,-0.495,0.204,2.929,-16,15,-8
219.498,-0.495,0.204,2.943,-15,15,-7
219.549,-0.495,0.204,2.949,-16,16,-7
219.600,-0.580,0.160,2.949,-15,15,-6
219.651,-0.580,0.160,2.965,-16,15,-7
219.702,-0.580,0.160,2.983,-15,15,-6
219.753,-0.580,0.160,2.982,-16,16,-7
219.804,-0.580,0.160,2.982,-16,15,-6
219.855,-0.580,0.160,2.994,-15,15,-6
219.906,-0.624,0.090,3.027,-16,16,-6
219.957,-0.624,0.090,3.031,-16,15,-6
220.008,-0.624,0.090,3.024,-15,16,-6
220.059,-0.624,0.090,3.024,-16,15,-5
220.110,-0.624,0.090,3.044,-16,16,-7
220.161,-0.641,0.007,3.043,-16,15,-6
220.212,-0.641,0.007,3.056,-15,16,-6
220.263,-0.641,0.007,3.056,-16,15,-6
220.314,-0.641,0.007,3.047,-16,16,-6
220.365,-0.641,0.007,3.032,-16,15,-6
220.416,-0.641,0.007,3.045,-3,16,-10
220.467,-0.632,-0.077,3.033,-3,15,-13
220.518,-0.632,-0.077,3.033,-3,15,-14
220.569,-0.632,-0.077,3.035,-1,15,-14
220.620,-0.632,-0.077,3.033,0,16,-14
220.722,-0.632,-0.077,3.044,4,15,-15
220.773,-0.595,-0.166,3.051,6,14,-15
220.824,-0.595,-0.166,3.036,7,14,-15
220.875,-0.595,-0.166,3.032,7,14,-15
220.926,-0.595,-0.166,3.035,7,13,-16
220.977,-0.595,-0.166,3.035,7,13,-15
221.028,-0.572,-0.253,3.022,7,12,-16
221.079,-0.572,-0.253,3.016,6,13,-15
221.130,-0.572,-0.253,3.027,7,12,-16
221.181,-0.572,-0.253,3.045,6,12,-15
221.232,-0.572,-0.253,3.045,7,12,-16
221.283,-0.572,-0.253,3.053,7,12,-15
221.334,-0.567,-0.337,3.059,6,11,-16
221.385,-0.567,-0.337,3.085,6,12,-16
221.436,-0.567,-0.337,3.085,6,11,-15
221.488,-0.567,-0.337,3.081,11,7,-16
221.590,-0.567,-0.337,3.140,15,-7,-15
221.641,-0.583,-0.421,3.182,14,-11,-13
221.692,-0.583,-0.421,3.182,16,-11,-12
221.743,-0.583,-0.421,3.248,15,-11,-10
221.794,-0.583,-0.421,3.284,15,-11,-9
221.845,-0.583,-0.421,3.330,16,-11,-10
221.896,-0.636,-0.486,3.330,16,-10,-8
221.947,-0.636,-0.486,3.355,15,-10,-9
221.998,-0.636,-0.486,3.400,16,-9,-9
222.049,-0.636,-0.486,3.406,15,-10,-8
222.100,-0.636,-0.486,3.426,16,-9,-9
222.151,-0.636,-0.486,3.426,16,-12,7
222.203,-0.704,-0.531,3.424,15,-14,11
222.255,-0.704,-0.531,3.404,1,-14,12
222.306,-0.704,-0.531,3.378,-1,-15,13
222.357,-0.704,-0.531,3.391,2,-14,15
222.408,-0.704,-0.531,3.391,0,-14,15
222.459,-0.704,-0.531,3.379,-2,-15,14
222.510,-0.780,-0.548,3.388,1,-14,15
222.561,-0.780,-0.548,3.357,0,-14,15
222.612,-0.780,-0.548,3.357,-2,-15,15
222.663,-0.780,-0.548,3.357,0,-14,15
222.714,-0.780,-0.548,3.371,0,-14,15
222.765,-0.849,-0.523,3.349,1,-14,15
222.816,-0.849,-0.523,3.332,0,-15,14
222.867,-0.849,-0.523,3.332,0,-14,15
222.918,-0.849,-0.523,3.328,0,-14,15
222.969,-0.849,-0.523,3.329,0,-14,15
223.020,-0.849,-0.523,3.302,0,-15,15
223.072,-0.879,-0.477,3.311,-2,-14,16
223.124,-0.879,-0.477,3.311,-7,-14,15
223.227,-0.879,-0.477,3.338,-12,-11,16
223.279,-0.879,-0.477,3.336,-14,-7,16
223.330,-0.886,-0.404,3.336,-15,-4,16
223.381,-0.886,-0.404,3.312,-15,-6,15
223.432,-0.886,-0.404,3.309,-16,-5,16
223.483,-0.886,-0.404,3.314,-16,-6,15
223.534,-0.886,-0.404,3.342,-15,-6,16
223.585,-0.886,-0.404,3.342,-16,-5,16
223.636,-0.859,-0.323,3.338,-16,-5,16
223.687,-0.859,-0.323,3.310,-15,-6,16
223.738,-0.859,-0.323,3.317,-16,-5,16
223.789,-0.859,-0.323,3.317,-16,-6,16
223.840,-0.859,-0.323,3.327,-16,-6,15
223.891,-0.859,-0.323,3.312,-15,-6,16
223.942,-0.802,-0.252,3.349,-16,-5,16
223.993,-0.802,-0.252,3.321,-16,-6,16
224.044,-0.802,-0.252,3.321,-15,-6,16
224.095,-0.802,-0.252,3.355,-16,-6,15
224.146,-0.802,-0.252,3.360,-16,-5,16
224.197,-0.746,-0.187,3.380,-16,-6,16
224.249,-0.746,-0.187,3.348,-16,-6,16
224.352,-0.746,-0.187,3.376,-15,4,17
224.456,-0.746,-0.187,3.315,-16,8,15
224.507,-0.675,-0.132,3.315,-16,9,13
224.558,-0.675,-0.132,3.286,-15,10,13
224.609,-0.675,-0.132,3.239,-16,9,12
224.660,-0.675,-0.132,3.209,-16,10,10
224.711,-0.675,-0.132,3.188,-16,9,10
224.762,-0.675,-0.132,3.188,-16,10,10
224.813,-0.592,-0.080,3.152,-16,9,8
224.864,-0.592,-0.080,3.121,-15,9,9
224.915,-0.592,-0.080,3.116,-16,10,9
224.966,-0.592,-0.080,3.116,-16,8,8
225.017,-0.592,-0.080,3.116,-16,9,9
225.068,-0.516,-0.040,3.061,-16,9,8
225.119,-0.516,-0.040,3.052,-16,8,8
225.170,-0.516,-0.040,3.019,-15,9,9
225.221,-0.516,-0.040,3.019,-16,8,8
225.272,-0.516,-0.040,3.001,-16,9,8
225.323,-0.516,-0.040,3.003,-16,8,8
225.374,-0.425,-0.017,2.993,-16,8,8
225.425,-0.425,-0.017,2.971,-16,9,8
225.476,-0.425,-0.017,2.971,-16,8,8
225.527,-0.425,-0.017,2.962,-16,8,8
225.578,-0.425,-0.017,2.960,-16,8,8
225.629,-0.338,-0.011,2.945,-16,8,8
225.680,-0.338,-0.011,2.945,-16,9,8
225.731,-0.338,-0.011,2.929,-16,8,9
225.782,-0.338,-0.011,2.903,-16,9,8
225.833,-0.338,-0.011,2.910,-16,7,8
225.884,-0.338,-0.011,2.871,-16,9,8
225.935,-0.253,-0.022,2.871,-16,7,8
225.986,-0.253,-0.022,2.888,-16,9,8
226.037,-0.253,-0.022,2.886,-16,8,8
226.088,-0.253,-0.022,2.882,-16,7,9
226.139,-0.253,-0.022,2.882,-16,9,8
226.190,-0.253,-0.022,2.855,-16,8,8
226.241,-0.164,-0.037,2.864,-16,8,8
226.292,-0.164,-0.037,2.860,-16,9,8
226.343,-0.164,-0.037,2.863,-16,8,8
226.394,-0.164,-0.037,2.863,-16,8,8
226.445,-0.164,-0.037,2.851,-16,8,8
226.496,-0.077,-0.055,2.854,-16,8,8
226.547,-0.077,-0.055,2.866,-16,9,8
226.598,-0.077,-0.055,2.857,-16,8,8
226.649,-0.077,-0.055,2.855,-16,8,8
226.700,-0.077,-0.055,2.860,-16,8,8
226.751,-0.077,-0.055,2.861,-16,8,8
226.802,0.028,-0.074,2.862,-16,8,8
226.853,0.028,-0.074,2.862,-16,8,8
226.904,0.028,-0.074,2.853,-16,8,8
226.955,0.028,-0.074,2.860,-16,8,9
227.006,0.028,-0.074,2.869,-16,8,7
227.057,0.028,-0.074,2.876,-16,8,9
227.108,0.093,-0.095,2.876,-16,9,8
227.159,0.093,-0.095,2.871,-16,8,8
227.210,0.093,-0.095,2.867,-16,8,8
227.261,0.093,-0.095,2.879,-16,8,8
227.312,0.093,-0.095,2.879,-16,8,8
227.363,0.178,-0.121,2.877,-16,8,8
227.414,0.178,-0.121,2.868,-16,9,8
227.465,0.178,-0.121,2.895,-16,8,8
227.516,0.178,-0.121,2.898,-17,8,8
227.567,0.178,-0.121,2.898,-16,8,9
227.618,0.178,-0.121,2.915,-16,8,8
227.669,0.258,-0.144,2.904,-16,8,8
227.720,0.258,-0.144,2.948,-16,9,8
227.771,0.258,-0.144,2.948,-16,8,8
227.822,0.258,-0.144,2.955,-17,8,9
227.925,0.258,-0.144,2.980,-16,-5,12
227.976,0.327,-0.171,3.019,-16,-6,14
228.027,0.327,-0.171,3.019,-16,-2,15
228.078,0.327,-0.171,3.038,-17,-4,14
228.129,0.327,-0.171,3.068,-16,-5,16
228.180,0.327,-0.171,3.102,-16,-4,15
228.282,0.435,-0.197,3.137,-17,-7,16
228.333,0.435,-0.197,3.164,-14,-12,15
228.384,0.435,-0.197,3.218,-5,-13,15
228.435,0.435,-0.197,3.235,-1,-14,16
228.486,0.435,-0.197,3.235,-1,-14,15
228.537,0.522,-0.209,3.238,-2,-15,15
228.588,0.522,-0.209,3.241,-2,-15,15
228.639,0.522,-0.209,3.255,-1,-14,15
228.690,0.522,-0.209,3.245,-1,-15,14
228.741,0.522,-0.209,3.245,0,-14,15
228.792,0.605,-0.199,3.255,0,-15,15
228.843,0.605,-0.199,3.251,0,-14,14
228.894,0.605,-0.199,3.245,0,-15,15
228.945,0.605,-0.199,3.245,0,-14,14
229.048,0.605,-0.199,3.245,5,-15,14
229.151,0.664,-0.158,3.193,11,-15,10
229.202,0.664,-0.158,3.193,14,-15,7
229.253,0.664,-0.158,3.177,15,-15,5
229.304,0.664,-0.158,3.166,15,-15,6
229.355,0.664,-0.158,3.139,15,-15,5
229.406,0.706,-0.089,3.098,16,-16,5
229.457,0.706,-0.089,3.098,15,-15,6
229.508,0.706,-0.089,3.083,15,-15,6
229.559,0.706,-0.089,3.063,15,-16,5
229.610,0.706,-0.089,3.025,16,-15,5
229.661,0.720,-0.007,3.025,15,-16,6
229.712,0.720,-0.007,3.000,16,-15,7
229.763,0.720,-0.007,2.984,15,-15,6
229.814,0.720,-0.007,2.941,16,-16,6
229.865,0.720,-0.007,2.910,15,-15,6
229.916,0.720,-0.007,2.910,16,-16,5
229.967,0.708,0.077,2.904,16,-16,6
230.018,0.708,0.077,2.886,15,-15,6
230.069,0.708,0.077,2.862,16,-16,6
230.171,0.708,0.077,2.822,16,-16,6
230.223,0.708,0.077,2.814,15,-15,-6
230.274,0.687,0.165,2.815,16,-14,-11
230.325,0.687,0.165,2.842,15,-13,-10
230.376,0.687,0.165,2.842,16,-12,-10
230.427,0.687,0.165,2.843,15,-11,-11
230.478,0.687,0.165,2.881,16,-11,-10
230.529,0.650,0.251,2.878,16,-10,-9
230.580,0.650,0.251,2.878,16,-9,-10
230.631,0.650,0.251,2.916,15,-10,-10
230.682,0.650,0.251,2.899,16,-9,-9
230.733,0.650,0.251,2.911,16,-9,-9
230.784,0.650,0.251,2.916,16,-8,-8
230.835,0.599,0.329,2.916,16,-9,-9
230.886,0.599,0.329,2.916,16,-8,-9
230.937,0.599,0.329,2.923,16,-8,-8
230.988,0.599,0.329,2.929,15,-8,-9
231.039,0.599,0.329,2.918,16,-9,-8
231.090,0.599,0.329,2.918,16,-8,-9
231.141,0.540,0.396,2.915,16,-8,-8
231.192,0.540,0.396,2.926,16,-8,-9
231.244,0.540,0.396,2.924,16,-11,-2
231.296,0.540,0.396,2.924,17,-14,9
231.347,0.540,0.396,2.902,16,-13,10
231.398,0.470,0.445,2.867,16,-15,9
231.449,0.470,0.445,2.842,16,-15,9
231.500,0.470,0.445,2.793,16,-15,8
231.551,0.470,0.445,2.793,16,-15,8
231.602,0.470,0.445,2.791,16,-15,7
231.653,0.470,0.445,2.735,16,-15,8
231.704,0.399,0.478,2.712,16,-15,7
231.806,0.399,0.478,2.698,16,-16,7
231.857,0.399,0.478,2.677,16,-15,-2
231.909,0.399,0.478,2.692,16,-14,-8
231.960,0.318,0.530,2.706,15,-13,-10
232.011,0.318,0.530,2.706,16,-12,-9
232.062,0.318,0.530,2.732,16,-10,-10
232.113,0.318,0.530,2.734,16,-9,-10
232.164,0.318,0.530,2.758,16,-9,-10
232.215,0.318,0.530,2.771,16,-9,-10
232.266,0.255,0.567,2.771,16,-9,-9
232.317,0.255,0.567,2.784,16,-8,-9
232.368,0.255,0.567,2.818,16,-8,-10
232.419,0.255,0.567,2.810,16,-9,-8
232.470,0.255,0.567,2.810,16,-8,-9
232.521,0.255,0.567,2.828,16,-8,-9
232.572,0.210,0.640,2.833,16,-9,-8
232.623,0.210,0.640,2.852,16,-8,-9
232.674,0.210,0.640,2.869,16,-8,-8
232.725,0.210,0.640,2.869,16,-9,-8
232.776,0.210,0.640,2.895,16,-8,-8
232.827,0.158,0.708,2.899,16,-8,-9
232.878,0.158,0.708,2.917,16,-7,-8
232.929,0.158,0.708,2.917,16,-9,-8
232.980,0.158,0.708,2.930,16,-8,-9
233.031,0.158,0.708,2.938,16,-8,-8
233.082,0.158,0.708,2.963,16,-8,-8
233.133,0.108,0.763,2.968,16,-8,-8
233.184,0.108,0.763,2.968,17,-9,-8
233.235,0.108,0.763,2.983,16,-7,-8
233.286,0.108,0.763,3.011,16,-9,-8
233.337,0.108,0.763,3.023,16,-8,-8
233.388,0.108,0.763,3.019,16,-7,-9
233.439,0.038,0.831,3.019,16,-9,-8
233.490,0.038,0.831,3.044,16,-8,-8
233.541,0.038,0.831,3.073,16,-8,-8
233.592,0.038,0.831,3.079,16,-8,-8
233.643,0.038,0.831,3.079,16,-8,-8
233.694,-0.053,0.868,3.088,16,-9,-8
233.745,-0.053,0.868,3.104,16,-8,-8
233.796,-0.053,0.868,3.119,16,-8,-8
233.847,-0.053,0.868,3.139,17,-8,-9
233.898,-0.053,0.868,3.139,16,-8,-8
233.949,-0.053,0.868,3.129,16,-9,-8
234.000,-0.151,0.899,3.156,16,-8,-8
234.051,-0.151,0.899,3.160,16,-8,-8
234.102,-0.151,0.899,3.160,16,-8,-8
234.153,-0.151,0.899,3.171,17,1,-12
234.205,-0.151,0.899,3.166,6,13,-13
234.256,-0.151,0.899,3.201,-8,14,-13
234.307,-0.238,0.929,3.195,-12,15,-7
234.358,-0.238,0.929,3.195,-13,15,-3
234.409,-0.238,0.929,3.174,-13,15,-4
234.460,-0.238,0.929,3.171,-13,15,-7
234.511,-0.238,0.929,3.187,-14,14,-6
234.562,-0.321,0.957,3.208,-14,16,-6
234.613,-0.321,0.957,3.208,-15,16,-7
234.664,-0.321,0.957,3.225,-15,15,-6
234.715,-0.321,0.957,3.239,-15,16,-6
234.766,-0.321,0.957,3.232,-15,16,-6
234.817,-0.321,0.957,3.232,-15,16,-5
234.868,-0.377,0.963,3.253,-15,15,-6
234.919,-0.377,0.963,3.268,-15,16,-7
234.970,-0.377,0.963,3.275,-15,16,-6
235.021,-0.377,0.963,3.294,-15,15,-5
235.072,-0.377,0.963,3.294,-15,16,-6
235.123,-0.402,0.948,3.294,-16,16,-6
235.174,-0.402,0.948,3.306,-15,16,-6
235.225,-0.402,0.948,3.318,-15,16,-7
235.276,-0.402,0.948,3.318,-16,16,-5
235.327,-0.402,0.948,3.324,-15,15,-6
235.378,-0.402,0.948,3.336,-16,16,-6
235.429,-0.400,0.899,3.340,-15,16,-6
235.480,-0.400,0.899,3.333,-16,16,-5
235.531,-0.400,0.899,3.333,-15,16,-6
235.582,-0.400,0.899,3.376,-16,16,-7
235.633,-0.400,0.899,3.356,-15,16,-6
235.684,-0.400,0.899,3.374,-16,16,-5
235.735,-0.364,0.824,3.374,-15,15,-6
235.786,-0.364,0.824,3.364,-16,16,-6
235.837,-0.364,0.824,3.356,-16,16,-6
235.888,-0.364,0.824,3.367,-15,16,-7
235.939,-0.364,0.824,3.364,-15,16,-6
235.990,-0.313,0.742,3.364,-16,16,-5
236.041,-0.313,0.742,3.356,-16,16,-6
236.092,-0.313,0.742,3.385,-15,16,-6
236.143,-0.313,0.742,3.388,-16,16,-6
236.194,-0.313,0.742,3.388,-16,16,-6
236.245,-0.313,0.742,3.388,-16,16,-6
236.296,-0.242,0.665,3.407,-15,16,-6
236.347,-0.242,0.665,3.413,-16,16,-6
236.398,-0.242,0.665,3.430,-16,16,-6
236.449,-0.242,0.665,3.430,-15,16,-6
236.500,-0.242,0.665,3.408,-16,16,-5
236.551,-0.242,0.665,3.439,-16,16,-7
236.602,-0.169,0.591,3.454,-15,16,-6
236.653,-0.169,0.591,3.480,-16,16,-5
236.704,-0.169,0.591,3.480,-16,16,-7
236.755,-0.169,0.591,3.494,-3,16,-10
236.806,-0.169,0.591,3.503,-4,16,-13
236.858,-0.096,0.525,3.478,7,15,-15
236.909,-0.096,0.525,3.478,13,15,-14
236.960,-0.096,0.525,3.457,14,13,-15
237.011,-0.096,0.525,3.435,14,12,-16
237.062,-0.096,0.525,3.389,15,11,-15
237.113,-0.096,0.525,3.346,15,10,-16
237.164,-0.026,0.462,3.346,15,10,-15
237.215,-0.026,0.462,3.332,15,8,-16
237.266,-0.026,0.462,3.291,15,8,-16
237.317,-0.026,0.462,3.277,15,7,-15
237.368,-0.026,0.462,3.277,15,8,-16
237.419,-0.026,0.462,3.264,15,7,-15
237.470,0.013,0.396,3.225,16,7,-16
237.521,0.013,0.396,3.189,15,6,-16
237.572,0.013,0.396,3.182,15,6,-15
237.623,0.013,0.396,3.182,16,6,-16
237.674,0.013,0.396,3.163,15,6,-15
237.725,0.023,0.325,3.146,15,6,-16
237.776,0.023,0.325,3.140,16,6,-16
237.827,0.023,0.325,3.115,15,6,-15
237.878,0.023,0.325,3.115,16,6,-16
237.929,0.023,0.325,3.110,15,6,-16
237.980,0.023,0.325,3.082,16,6,-15
238.031,0.006,0.253,3.067,15,7,-16
238.082,0.006,0.253,3.067,16,5,-16
238.133,0.006,0.253,3.053,16,6,-16
238.184,0.006,0.253,3.040,15,6,-16
238.235,0.006,0.253,3.013,15,6,-15
238.286,0.006,0.253,3.021,16,6,-16
238.337,-0.046,0.182,3.021,16,6,-16
238.388,-0.046,0.182,3.013,15,7,-16
238.439,-0.046,0.182,2.985,16,6,-16
238.490,-0.046,0.182,2.983,15,6,-16
238.541,-0.046,0.182,2.983,16,6,-16
238.592,-0.106,0.120,2.974,16,6,-16
238.643,-0.106,0.120,2.948,15,6,-16
238.694,-0.106,0.120,2.942,16,7,-16
238.745,-0.106,0.120,2.937,16,5,-16
238.796,-0.106,0.120,2.937,15,6,-16
238.847,-0.106,0.120,2.930,16,6,-16
238.898,-0.185,0.064,2.924,16,5,-16
238.949,-0.185,0.064,2.908,16,6,-16
239.000,-0.185,0.064,2.908,15,7,-16
239.051,-0.185,0.064,2.916,16,6,-16
239.102,-0.185,0.064,2.922,16,5,-16
239.153,-0.185,0.064,2.902,15,6,-16
239.204,-0.259,0.017,2.881,16,6,-16
239.255,-0.259,0.017,2.881,16,6,-16
239.306,-0.259,0.017,2.919,16,5,-15
239.357,-0.259,0.017,2.904,16,7,-17
239.408,-0.259,0.017,2.898,15,6,-16
239.459,-0.259,0.017,2.901,16,5,-16
239.510,-0.259,0.017,2.901,16,7,-16
239.561,-0.259,0.017,2.885,16,5,-16
239.612,-0.259,0.017,2.889,16,6,-16
239.663,-0.259,0.017,2.900,16,6,-16
239.714,-0.259,0.017,2.900,16,7,-16
239.765,0.427,1.198,2.880,16,5,-16
239.816,0.427,1.198,2.901,16,6,-16
239.867,0.427,1.198,2.907,16,6,-16
239.918,0.427,1.198,2.910,16,5,-16
239.969,0.427,1.198,2.910,16,6,-16
240.020,0.348,1.172,2.901,16,7,-17
240.071,0.348,1.172,2.893,16,6,-16
240.122,0.348,1.172,2.891,17,6,-16
240.173,0.348,1.172,2.891,16,6,-16
240.225,0.348,1.172,2.888,5,11,-17
240.276,0.348,1.172,2.894,0,13,-16
240.327,0.389,1.343,2.903,-3,13,-16
240.379,0.389,1.343,2.925,-11,14,-13
240.430,0.389,1.343,2.925,-13,15,-12
240.481,0.389,1.343,2.971,-14,15,-9
240.532,0.389,1.343,2.995,-15,15,-9
240.583,0.389,1.343,3.025,-15,15,-8
240.634,-0.420,0.292,3.041,-15,15,-7
240.685,-0.420,0.292,3.041,-15,16,-7
240.736,-0.420,0.292,3.096,-15,15,-7
240.787,-0.420,0.292,3.095,-15,16,-7
240.838,-0.420,0.292,3.128,-15,15,-6
240.889,-0.466,0.274,3.128,-15,15,-7
240.940,-0.466,0.274,3.144,-15,16,-6
240.991,-0.466,0.274,3.149,-16,15,-6
241.042,-0.466,0.274,3.179,-15,16,-6
241.093,-0.466,0.274,3.202,-16,15,-6
241.144,-0.466,0.274,3.202,-15,15,-6
241.195,-0.513,0.224,3.201,-16,16,-6
241.246,-0.513,0.224,3.210,-15,15,-7
241.297,-0.513,0.224,3.223,-15,16,-6
241.348,-0.513,0.224,3.223,-16,16,-6
241.399,-0.513,0.224,3.258,-15,15,-5
241.450,-0.513,0.224,3.240,-16,16,-6
241.501,-0.685,-0.037,3.262,-15,15,-6
241.552,-0.685,-0.037,3.281,-16,16,-6
241.603,-0.685,-0.037,3.281,-16,16,-6
241.654,-0.685,-0.037,3.261,-15,15,-6
241.705,-0.685,-0.037,3.272,-16,16,-6
241.756,-0.837,-0.331,3.292,-15,16,-6
241.807,-0.837,-0.331,3.292,-16,15,-6
241.858,-0.837,-0.331,3.306,-16,16,-6
241.909,-0.837,-0.331,3.314,-15,16,-7
241.960,-0.837,-0.331,3.315,-16,16,-5
242.011,-0.837,-0.331,3.282,-16,16,-5
242.062,-0.825,-0.438,3.282,-16,15,-6
242.113,-0.825,-0.438,3.295,-16,16,-7
242.164,-0.825,-0.438,3.281,-15,16,-5
242.215,-0.825,-0.438,3.272,-16,16,-6
242.266,-0.825,-0.438,3.284,-16,15,-7
242.317,-0.825,-0.438,3.284,-16,16,-5
242.368,-0.786,-0.529,3.276,-16,16,-6
242.419,-0.786,-0.529,3.259,-15,16,-6
242.470,-0.786,-0.529,3.263,-16,16,-6
242.521,-0.786,-0.529,3.263,-16,16,-6
242.572,-0.786,-0.529,3.266,-16,15,-6
242.623,-0.736,-0.613,3.225,-16,16,-6
242.674,-0.736,-0.613,3.242,-16,16,-6
242.725,-0.736,-0.613,3.245,-16,16,-6
242.776,-0.736,-0.613,3.245,-16,16,-6
242.827,-0.736,-0.613,3.226,-16,16,-6
242.878,-0.736,-0.613,3.253,-16,16,-6
242.929,-0.674,-0.710,3.238,-15,16,-6
242.980,-0.674,-0.710,3.238,-16,16,-6
243.031,-0.674,-0.710,3.265,-16,16,-5
243.082,-0.674,-0.710,3.246,-16,16,-6
243.133,-0.674,-0.710,3.277,-16,16,-7
243.184,-0.610,-0.788,3.281,-16,16,-5
243.235,-0.610,-0.788,3.281,-16,16,-6
243.286,-0.610,-0.788,3.292,-16,16,-7
243.337,-0.610,-0.788,3.315,-16,16,-6
243.388,-0.610,-0.788,3.328,-16,16,-5
243.439,-0.610,-0.788,3.328,-16,16,-7
243.490,-0.552,-0.855,3.340,-16,16,-6
243.541,-0.552,-0.855,3.345,-16,16,-6
243.592,-0.552,-0.855,3.339,-16,16,-6
243.643,-0.552,-0.855,3.383,-16,16,-3
243.695,-0.552,-0.855,3.383,-16,17,1
243.747,-0.552,-0.855,3.348,-15,16,6
243.850,-0.482,-0.921,3.288,-16,15,10
243.901,-0.482,-0.921,3.247,-16,14,11
243.952,-0.482,-0.921,3.247,-16,13,11
244.003,-0.482,-0.921,3.204,-17,13,10
244.054,-0.395,-0.978,3.192,-16,12,10
244.105,-0.395,-0.978,3.166,-16,11,10
244.156,-0.395,-0.978,3.166,-16,11,9
244.207,-0.395,-0.978,3.139,-16,11,9
244.258,-0.395,-0.978,3.132,-16,10,9
244.309,-0.395,-0.978,3.113,-16,11,8
244.360,-0.309,-1.013,3.101,-17,9,9
244.411,-0.309,-1.013,3.101,-16,10,8
244.462,-0.309,-1.013,3.072,-16,9,9
244.513,-0.309,-1.013,3.081,-16,9,8
244.564,-0.309,-1.013,3.050,-16,9,8
244.615,-0.309,-1.013,3.052,-16,9,9
244.666,-0.215,-1.029,3.052,-16,9,8
244.717,-0.215,-1.029,3.049,-17,9,8
244.768,-0.215,-1.029,3.037,-16,9,8
244.819,-0.215,-1.029,3.032,-16,8,9
244.870,-0.215,-1.029,3.032,-16,8,8
244.921,-0.103,-1.025,3.024,-17,8,8
244.972,-0.103,-1.025,3.035,-16,8,8
245.023,-0.103,-1.025,3.054,-16,8,8
245.074,-0.103,-1.025,3.044,-17,8,9
245.125,-0.103,-1.025,3.044,-16,8,8
245.176,-0.103,-1.025,3.047,-16,9,8
245.227,-0.019,-1.001,3.035,-17,8,8
245.278,-0.019,-1.001,3.054,-16,9,8
245.329,-0.019,-1.001,3.054,-16,8,9
245.380,-0.019,-1.001,3.038,-16,9,8
245.431,-0.019,-1.001,3.043,-17,8,8
245.482,-0.019,-1.001,3.065,-16,8,8
245.533,0.075,-0.993,3.049,-16,8,9
245.584,0.075,-0.993,3.049,-17,8,8
245.635,0.075,-0.993,3.072,-16,8,8
245.686,0.075,-0.993,3.091,-16,8,8
245.737,0.075,-0.993,3.095,-16,8,8
245.788,0.162,-0.978,3.095,-16,8,8
245.839,0.162,-0.978,3.092,-17,8,8
245.890,0.162,-0.978,3.101,-16,8,8
245.941,0.162,-0.978,3.106,-16,8,8
245.992,0.162,-0.978,3.118,-16,8,8
246.043,0.162,-0.978,3.118,-16,8,9
246.094,0.250,-0.975,3.145,-17,0,11
246.146,0.250,-0.975,3.132,-16,-7,13
246.197,0.250,-0.975,3.198,-16,-9,14
246.248,0.250,-0.975,3.231,-17,-8,15
246.299,0.250,-0.975,3.231,-16,-9,15
246.350,0.348,-0.985,3.273,-16,-9,15
246.402,0.348,-0.985,3.310,-16,-10,16
246.505,0.348,-0.985,3.373,-9,-13,16
246.556,0.348,-0.985,3.403,-3,-13,15
246.607,0.348,-0.985,3.409,-1,-13,15
246.658,0.427,-0.970,3.403,-1,-15,15
246.709,0.427,-0.970,3.411,0,-14,15
246.760,0.427,-0.970,3.411,0,-15,14
246.811,0.427,-0.970,3.400,0,-14,15
246.862,0.427,-0.970,3.387,0,-14,14
246.913,0.427,-0.970,3.397,0,-15,14
246.964,0.502,-0.951,3.397,0,-14,15
247.015,0.502,-0.951,3.377,0,-14,14
247.066,0.502,-0.951,3.385,0,-15,15
247.117,0.502,-0.951,3.407,0,-14,14
247.168,0.502,-0.951,3.380,0,-15,14
247.219,0.543,-0.904,3.380,1,-14,14
247.270,0.543,-0.904,3.395,0,-14,14
247.321,0.543,-0.904,3.390,0,-15,14
247.372,0.543,-0.904,3.380,0,-14,14
247.423,0.543,-0.904,3.381,0,-14,15
247.474,0.543,-0.904,3.381,0,-14,14
247.525,0.557,-0.829,3.408,0,-15,14
247.576,0.557,-0.829,3.380,0,-14,14
247.627,0.557,-0.829,3.379,0,-14,14
247.678,0.557,-0.829,3.379,0,-15,15
247.729,0.557,-0.829,3.383,0,-14,14
247.780,0.557,-0.829,3.376,0,-14,14
247.831,0.557,-0.747,3.374,0,-14,14
247.882,0.557,-0.747,3.371,0,-14,14
247.933,0.557,-0.747,3.371,0,-14,14
247.984,0.557,-0.747,3.376,0,-14,14
248.035,0.557,-0.747,3.370,0,-14,14
248.086,0.543,-0.662,3.392,0,-15,14
248.138,0.543,-0.662,3.392,-7,-13,15
248.189,0.543,-0.662,3.402,-13,-8,14
248.240,0.543,-0.662,3.426,-14,-5,15
248.291,0.543,-0.662,3.451,-16,-6,15
248.342,0.543,-0.662,3.489,-15,-6,16
248.393,0.532,-0.577,3.489,-16,-6,15
248.444,0.532,-0.577,3.537,-15,-6,15
248.495,0.532,-0.577,3.548,-16,-6,15
248.546,0.532,-0.577,3.582,-15,-6,16
248.597,0.532,-0.577,3.604,-16,-6,15
248.648,0.532,-0.577,3.604,-16,-6,15
248.699,0.527,-0.496,3.640,-16,-6,16
248.752,0.527,-0.496,3.666,-5,-10,16
248.803,0.527,-0.496,3.691,3,-12,15
248.854,0.527,-0.496,3.691,-1,-13,16
248.905,0.527,-0.496,3.680,-2,-14,15
248.956,0.534,-0.418,3.680,0,-14,14
249.007,0.534,-0.418,3.680,1,-14,16
249.058,0.534,-0.418,3.649,0,-14,14
249.109,0.534,-0.418,3.649,0,-14,15
249.160,0.534,-0.418,3.644,0,-15,15
249.211,0.534,-0.418,3.646,-1,-14,15
249.262,0.554,-0.339,3.650,0,-14,14
249.313,0.554,-0.339,3.650,0,-14,15
249.364,0.554,-0.339,3.639,0,-14,15
249.415,0.554,-0.339,3.626,0,-15,14
249.466,0.554,-0.339,3.610,0,-14,15
249.517,0.571,-0.260,3.613,0,-14,14
249.568,0.571,-0.260,3.613,0,-14,14
249.619,0.571,-0.260,3.607,0,-14,15
249.670,0.571,-0.260,3.603,0,-15,14
249.721,0.571,-0.260,3.609,0,-14,14
249.772,0.571,-0.260,3.600,0,-14,15
249.823,0.573,-0.177,3.600,0,-14,14
249.874,0.573,-0.177,3.583,-4,-14,15
249.926,0.573,-0.177,3.605,-13,-8,14
249.977,0.573,-0.177,3.620,-14,-5,16
250.028,0.573,-0.177,3.620,-15,-7,15
250.079,0.573,-0.177,3.649,-16,-5,15
250.130,0.556,-0.089,3.660,-15,-6,15
250.181,0.556,-0.089,3.684,-16,-6,16
250.232,0.556,-0.089,3.715,-15,-6,15
250.283,0.556,-0.089,3.715,-16,-6,16
250.334,0.556,-0.089,3.738,-1,-11,15
250.385,0.536,-0.004,3.749,-1,-12,15
250.436,0.536,-0.004,3.744,-2,-13,15
250.487,0.536,-0.004,3.744,0,-13,15
250.538,0.536,-0.004,3.737,0,-14,15
250.589,0.536,-0.004,3.720,1,-14,15
250.640,0.536,-0.004,3.714,1,-14,14
250.691,0.525,0.078,3.705,-1,-15,15
250.742,0.525,0.078,3.705,1,-14,15
250.793,0.525,0.078,3.698,-10,-8,14
250.844,0.525,0.078,3.689,-15,-5,16
250.895,0.525,0.078,3.683,-15,-8,15
250.946,0.525,0.078,3.683,-15,-7,15
250.997,0.519,0.156,3.724,-16,-6,15
251.048,0.519,0.156,3.734,-15,-7,16
251.100,0.519,0.156,3.752,-2,-11,15
251.151,0.519,0.156,3.755,-1,-12,16
251.202,0.519,0.156,3.755,-3,-14,15
251.253,0.517,0.239,3.774,0,-14,16
251.306,0.517,0.239,3.782,0,-15,15
251.410,0.517,0.239,3.724,11,-14,13
251.462,0.517,0.239,3.724,12,-16,12
251.514,0.517,0.239,3.698,13,-15,10
251.565,0.511,0.324,3.661,14,-15,7
251.616,0.511,0.324,3.643,14,-16,8
251.667,0.511,0.324,3.619,14,-15,6
251.718,0.511,0.324,3.619,14,-15,8
251.769,0.511,0.324,3.603,14,-15,6
251.820,0.492,0.405,3.574,14,-16,7
251.871,0.492,0.405,3.537,14,-15,7
251.922,0.492,0.405,3.537,15,-16,7
251.973,0.492,0.405,3.539,14,-15,7
252.024,0.492,0.405,3.507,14,-16,7
252.075,0.492,0.405,3.504,14,-15,7
252.126,0.458,0.481,3.463,14,-15,7
252.177,0.458,0.481,3.463,14,-16,7
252.228,0.458,0.481,3.450,14,-16,7
252.279,0.458,0.481,3.436,14,-15,6
252.330,0.458,0.481,3.425,14,-15,6
252.381,0.458,0.481,3.425,15,-16,6
252.432,0.407,0.545,3.417,15,-15,5
252.534,0.407,0.545,3.378,14,-16,4
252.585,0.407,0.545,3.358,15,-16,0
252.636,0.407,0.545,3.358,15,-15,0
252.687,0.341,0.601,3.382,16,-16,0
252.738,0.341,0.601,3.363,15,-16,0
252.789,0.341,0.601,3.365,15,-15,0
252.840,0.341,0.601,3.385,15,-16,0
252.891,0.341,0.601,3.385,15,-16,-1
252.942,0.341,0.601,3.381,16,-15,0
252.993,0.265,0.653,3.391,15,-16,1
253.044,0.265,0.653,3.405,16,-16,1
253.095,0.265,0.653,3.405,15,-15,1
253.146,0.265,0.653,3.402,15,-16,2
253.197,0.265,0.653,3.413,16,-16,1
253.248,0.265,0.653,3.413,15,-16,1
253.299,0.189,0.702,3.414,16,-16,2
253.350,0.189,0.702,3.414,15,-15,1
253.401,0.189,0.702,3.417,16,-16,2
253.452,0.189,0.702,3.437,15,-16,2
253.554,0.189,0.702,3.430,16,-15,2
253.605,0.189,0.702,3.442,16,-17,2
253.658,0.189,0.702,3.444,16,-16,3
253.709,0.189,0.702,3.458,15,-16,2
253.760,0.189,0.702,3.477,16,-15,2
253.811,0.189,0.702,3.477,16,-16,2
253.862,0.087,0.758,3.480,16,-16,2
253.913,0.087,0.758,3.489,15,-16,3
253.964,0.087,0.758,3.489,16,-16,1
254.015,0.087,0.758,3.501,16,-15,3
254.066,0.087,0.758,3.501,16,-16,2
254.117,-0.015,0.813,3.494,16,-16,2
254.168,-0.015,0.813,3.512,16,-16,3
254.219,-0.015,0.813,3.516,15,-16,2
254.270,-0.015,0.813,3.516,16,-16,3
254.321,-0.015,0.813,3.523,16,-16,3
254.372,-0.015,0.813,3.519,16,-15,2
254.423,-0.126,0.866,3.515,16,-17,3
254.475,-0.126,0.866,3.533,16,-15,-5
254.526,-0.126,0.866,3.533,16,-16,-8
254.577,-0.126,0.866,3.555,15,3,-12
254.628,-0.126,0.866,3.573,16,4,-14
254.679,-0.126,0.866,3.593,17,-1,-15
254.730,-0.223,0.922,3.593,16,4,-15
254.781,-0.223,0.922,3.595,16,6,-16
254.832,-0.223,0.922,3.570,16,6,-15
254.883,-0.223,0.922,3.550,16,4,-16
254.935,-0.223,0.922,3.546,15,9,-16
254.987,-0.304,0.962,3.546,4,11,-16
255.038,-0.304,0.962,3.509,-2,13,-15
255.089,-0.304,0.962,3.513,3,13,-16
255.140,-0.304,0.962,3.507,2,14,-15
255.191,-0.304,0.962,3.510,0,14,-14
255.242,-0.304,0.962,3.510,0,14,-15
255.293,-0.387,0.973,3.510,-1,14,-15
255.344,-0.387,0.973,3.530,0,14,-15
255.395,-0.387,0.973,3.529,0,13,-14
255.446,-0.387,0.973,3.529,0,14,-15
255.497,-0.387,0.973,3.527,1,14,-15
255.548,-0.387,0.973,3.524,1,14,-14
255.599,-0.443,0.955,3.522,10,8,-15
255.650,-0.443,0.955,3.529,14,5,-15
255.701,-0.443,0.955,3.529,15,7,-15
255.752,-0.443,0.955,3.526,15,6,-16
255.803,-0.443,0.955,3.512,16,6,-15
255.854,-0.497,0.900,3.475,15,6,-16
255.905,-0.497,0.900,3.475,16,6,-16
255.956,-0.497,0.900,3.462,15,7,-15
256.007,-0.497,0.900,3.440,16,6,-16
256.058,-0.497,0.900,3.407,16,6,-15
256.109,-0.497,0.900,3.394,15,6,-16
256.160,-0.535,0.822,3.394,16,6,-16
256.211,-0.535,0.822,3.371,16,6,-16
256.262,-0.535,0.822,3.361,15,6,-15
256.313,-0.535,0.822,3.330,3,11,-16
256.364,-0.535,0.822,3.330,2,13,-15
256.415,-0.535,0.822,3.323,4,13,-15
256.466,-0.568,0.746,3.313,2,14,-15
256.517,-0.568,0.746,3.334,0,13,-15
256.568,-0.568,0.746,3.343,0,14,-15
256.619,-0.568,0.746,3.343,0,14,-15
256.670,-0.568,0.746,3.337,0,15,-14
256.721,-0.619,0.674,3.347,0,13,-15
256.772,-0.619,0.674,3.360,0,15,-15
256.823,-0.619,0.674,3.343,-1,14,-14
256.874,-0.619,0.674,3.343,-1,14,-15
256.925,-0.619,0.674,3.357,0,14,-15
256.976,-0.619,0.674,3.368,0,14,-14
257.027,-0.668,0.602,3.356,1,14,-15
257.078,-0.668,0.602,3.356,0,14,-14
257.129,-0.668,0.602,3.350,0,14,-14
257.180,-0.668,0.602,3.381,0,14,-15
257.231,-0.668,0.602,3.370,0,15,-15
257.282,-0.668,0.602,3.374,0,13,-14
257.333,-0.712,0.529,3.374,0,14,-14
257.384,-0.712,0.529,3.391,0,15,-15
257.435,-0.712,0.529,3.383,0,14,-14
257.486,-0.712,0.529,3.391,0,14,-14
257.537,-0.712,0.529,3.391,0,14,-14
257.588,-0.739,0.449,3.389,0,14,-14
257.639,-0.739,0.449,3.392,0,14,-14
257.690,-0.739,0.449,3.411,0,14,-15
257.741,-0.739,0.449,3.405,0,14,-14
257.792,-0.739,0.449,3.405,0,14,-14
257.843,-0.739,0.449,3.376,0,14,-14
257.894,-0.763,0.361,3.398,0,14,-14
257.945,-0.763,0.361,3.409,0,14,-15
257.996,-0.763,0.361,3.409,0,14,-14
258.047,-0.763,0.361,3.409,0,14,-14
258.098,-0.763,0.361,3.418,0,14,-15
258.149,-0.782,0.277,3.409,0,14,-14
258.200,-0.782,0.277,3.413,0,14,-14
258.251,-0.782,0.277,3.413,-1,14,-14
258.302,-0.782,0.277,3.425,0,14,-14
258.353,-0.782,0.277,3.425,0,15,-14
258.404,-0.782,0.277,3.425,0,14,-14
258.455,-0.800,0.190,3.446,0,14,-15
258.506,-0.800,0.190,3.446,0,14,-14
258.557,-0.800,0.190,3.434,0,14,-14
258.608,-0.800,0.190,3.439,0,14,-14
258.659,-0.800,0.190,3.444,0,14,-14
258.710,-0.800,0.190,3.444,0,15,-14
258.761,-0.820,0.107,3.445,0,14,-14
258.812,-0.820,0.107,3.457,0,14,-14
258.863,-0.820,0.107,3.466,0,14,-14
258.914,-0.820,0.107,3.439,0,14,-15
258.965,-0.820,0.107,3.439,0,14,-14
259.016,-0.828,0.023,3.459,0,14,-14
259.067,-0.828,0.023,3.495,0,14,-14
259.118,-0.828,0.023,3.484,0,14,-15
259.169,-0.828,0.023,3.484,0,14,-14
259.220,-0.828,0.023,3.498,0,14,-14
259.271,-0.828,0.023,3.493,0,14,-14
259.322,-0.844,-0.062,3.507,0,14,-14
259.373,-0.844,-0.062,3.499,0,14,-14
259.424,-0.844,-0.062,3.499,0,14,-14
259.475,-0.844,-0.062,3.502,0,14,-14
259.526,-0.844,-0.062,3.515,0,14,-14
259.628,-0.853,-0.146,3.512,-7,14,-13
259.679,-0.853,-0.146,3.512,-13,15,-8
259.730,-0.853,-0.146,3.533,-14,15,-5
259.781,-0.853,-0.146,3.547,-15,15,-5
259.832,-0.853,-0.146,3.553,-16,15,-6
259.883,-0.866,-0.231,3.553,-15,15,-6
259.934,-0.866,-0.231,3.570,-16,15,-7
259.986,-0.866,-0.231,3.556,-12,15,-9
260.037,-0.866,-0.231,3.596,-1,15,-12
260.088,-0.866,-0.231,3.584,0,15,-13
260.139,-0.866,-0.231,3.584,-3,15,-14
260.190,-0.867,-0.314,3.585,-1,14,-15
260.241,-0.867,-0.314,3.575,0,15,-13
260.292,-0.867,-0.314,3.567,1,14,-15
260.343,-0.867,-0.314,3.567,0,15,-14
260.394,-0.867,-0.314,3.570,0,14,-13
260.445,-0.867,-0.314,3.567,0,15,-15
260.497,-0.849,-0.395,3.570,-11,14,-7
260.548,-0.849,-0.395,3.564,-14,15,-5
260.599,-0.849,-0.395,3.564,-15,15,-6
260.650,-0.849,-0.395,3.561,-15,15,-6
260.701,-0.849,-0.395,3.534,-15,15,-6
260.752,-0.830,-0.479,3.550,-16,16,-7
260.803,-0.830,-0.479,3.553,-16,15,-5
260.854,-0.830,-0.479,3.542,-15,16,-7
260.906,-0.830,-0.479,3.534,-15,15,-8
260.957,-0.830,-0.479,3.559,-3,15,-12
261.008,-0.830,-0.479,3.553,0,15,-13
261.059,-0.794,-0.559,3.553,-2,15,-14
261.110,-0.794,-0.559,3.505,0,15,-14
261.161,-0.794,-0.559,3.517,0,15,-14
261.212,-0.794,-0.559,3.503,2,14,-14
261.263,-0.794,-0.559,3.501,-1,15,-15
261.314,-0.756,-0.633,3.501,0,15,-14
261.365,-0.756,-0.633,3.490,0,14,-14
261.416,-0.756,-0.633,3.490,0,15,-15
261.467,-0.756,-0.633,3.493,0,15,-14
261.518,-0.756,-0.633,3.493,0,15,-14
261.569,-0.756,-0.633,3.511,1,14,-15
261.620,-0.727,-0.708,3.494,0,15,-14
261.671,-0.727,-0.708,3.494,0,14,-14
261.722,-0.727,-0.708,3.484,0,15,-14
261.773,-0.727,-0.708,3.484,0,14,-15
261.824,-0.727,-0.708,3.506,0,15,-14
261.875,-0.727,-0.708,3.476,0,14,-14
261.926,-0.692,-0.788,3.472,-10,15,-8
262.028,-0.692,-0.788,3.464,-14,15,-6
262.079,-0.692,-0.788,3.477,-15,15,-5
262.130,-0.692,-0.788,3.468,-16,15,-5
262.181,-0.672,-0.864,3.449,-15,16,-5
262.232,-0.672,-0.864,3.449,-16,15,-5
262.283,-0.672,-0.864,3.440,-15,15,-5
262.334,-0.672,-0.864,3.469,-16,16,-6
262.385,-0.672,-0.864,3.452,-15,15,-5
262.436,-0.672,-0.864,3.447,-16,15,-6
262.590,-0.672,-0.864,3.445,-15,16,2
262.641,-0.672,-0.864,3.420,-15,15,9
262.692,-0.672,-0.864,3.420,-16,13,11
262.743,-0.672,-0.864,3.360,-15,12,11
262.794,-1.901,0.218,3.310,-16,11,11
262.845,-1.901,0.218,3.288,-16,10,10
262.896,-1.901,0.218,3.249,-16,9,10
262.947,-1.901,0.218,3.249,-16,10,10
262.998,-1.901,0.218,3.224,-16,9,10
263.049,-1.845,0.173,3.235,-16,8,9
263.100,-1.845,0.173,3.199,-16,11,7
263.152,-1.845,0.173,3.199,-16,12,2
263.204,-1.845,0.173,3.185,-16,13,-6
263.255,-1.845,0.173,3.213,-16,15,-6
263.306,-1.845,0.173,3.243,-4,-1,-1
263.357,-1.841,0.369,3.211,2,1,1
263.408,-1.841,0.369,3.211,-4,1,0
263.459,-1.841,0.369,3.218,-2,0,-1
263.510,-1.841,0.369,3.218,0,1,-1
263.561,-1.841,0.369,3.221,0,1,0
263.612,-1.841,0.369,3.221,0,0,0
263.663,-1.841,0.369,3.221,1,-1,0
263.714,-1.841,0.369,3.225,-1,0,1
263.765,-1.841,0.369,3.225,0,0,0
263.816,-1.841,0.369,3.218,0,0,0
263.867,-1.841,0.369,3.218,0,0,0
263.918,-0.395,-0.886,3.214,0,0,0
263.969,-0.395,-0.886,3.210,0,0,0
264.020,-0.395,-0.886,3.225,0,0,0
264.071,-0.395,-0.886,3.236,1,0,0
264.122,-0.395,-0.886,3.236,0,0,0
264.173,-0.395,-0.886,3.221,0,0,0
264.224,-0.349,-0.890,3.214,0,1,0
264.275,-0.349,-0.890,3.221,0,0,0
264.326,-0.349,-0.890,3.221,0,0,0
264.377,-0.349,-0.890,3.221,0,0,0
264.428,-0.349,-0.890,3.221,0,0,0
264.479,-0.247,-1.126,3.206,0,0,0
264.530,-0.247,-1.126,3.218,0,0,0
264.581,-0.247,-1.126,3.218,0,0,0
264.632,-0.247,-1.126,3.221,0,0,0
264.683,-0.247,-1.126,3.214,0,0,0
264.734,-0.247,-1.126,3.211,0,0,0
264.785,-0.244,-1.128,3.210,0,0,0
264.836,-0.244,-1.128,3.214,0,0,0
264.887,-0.244,-1.128,3.211,0,0,0
264.938,-0.244,-1.128,3.225,0,0,0
264.989,-0.244,-1.128,3.228,0,0,0
265.040,-0.244,-1.128,3.228,0,0,0
265.091,-0.243,-1.131,3.225,0,0,0
265.142,-0.243,-1.131,3.225,0,0,0
265.193,-0.243,-1.131,3.210,0,0,0
265.244,-0.243,-1.131,3.207,0,0,0
265.295,-0.243,-1.131,3.207,0,0,0
265.346,-0.243,-1.131,3.214,0,0,0
265.397,-0.243,-1.131,3.211,0,0,-1
265.448,-0.243,-1.131,3.203,0,0,0
265.499,-0.243,-1.131,3.203,0,0,0
265.601,-0.243,-1.131,3.210,0,0,0
265.652,-0.242,-1.128,3.207,0,0,0
265.703,-0.242,-1.128,3.221,0,0,0
265.754,-0.242,-1.128,3.221,0,0,0
265.805,-0.242,-1.128,3.203,0,0,0
265.856,-0.242,-1.128,3.203,0,0,0
265.907,-0.242,-1.128,3.214,0,0,0
265.958,-0.241,-1.129,3.214,0,0,0
266.060,-0.241,-1.129,3.210,0,0,0
266.111,-0.241,-1.129,3.217,0,0,0
266.162,-0.241,-1.129,3.214,0,0,0
266.213,-0.242,-1.127,3.214,0,0,0
266.264,-0.242,-1.127,3.218,0,0,0
266.315,-0.242,-1.127,3.210,-1,0,0
266.366,-0.242,-1.127,3.210,0,0,0
266.417,-0.242,-1.127,3.214,0,0,0
266.468,-0.242,-1.127,3.228,0,0,0
266.519,-0.242,-1.126,3.218,0,0,0
266.570,-0.242,-1.126,3.214,0,0,0
266.621,-0.242,-1.126,3.232,0,0,0
266.672,-0.242,-1.126,3.232,0,0,0
266.723,-0.242,-1.126,3.214,0,0,0
266.774,-0.242,-1.126,3.225,0,0,0
266.825,-0.242,-1.125,3.232,0,0,0
266.876,-0.242,-1.125,3.221,0,0,0
266.927,-0.242,-1.125,3.221,0,0,0
266.978,-0.242,-1.125,3.210,0,0,0
267.029,-0.242,-1.125,3.207,0,0,0
267.080,-0.242,-1.123,3.221,0,0,0
267.131,-0.242,-1.123,3.221,0,0,0
267.182,-0.242,-1.123,3.221,0,0,0
267.233,-0.242,-1.123,3.218,0,0,0
267.284,-0.242,-1.123,3.221,0,0,0
267.335,-0.242,-1.123,3.214,0,0,0
267.386,-0.242,-1.122,3.214,0,0,0
267.437,-0.242,-1.122,3.214,0,0,0
267.488,-0.242,-1.122,3.211,0,0,0
267.539,-0.242,-1.122,3.225,0,0,0
267.590,-0.242,-1.122,3.225,0,0,0
267.641,-0.242,-1.122,3.211,0,-1,0
267.692,-0.242,-1.123,3.228,0,0,0
267.743,-0.242,-1.123,3.221,0,0,0
267.794,-0.242,-1.123,3.221,0,0,0
267.845,-0.242,-1.123,3.221,0,0,0
267.896,-0.242,-1.123,3.225,0,0,0
267.947,-0.242,-1.125,3.225,0,0,0
267.998,-0.242,-1.125,3.203,0,0,0
268.049,-0.242,-1.125,3.214,0,0,0
268.100,-0.242,-1.125,3.214,0,0,0
268.151,-0.242,-1.125,3.214,0,0,0
268.202,-0.242,-1.125,3.221,0,0,0
268.355,-0.241,-1.127,3.214,0,0,0
268.406,-0.241,-1.127,3.214,0,0,0
268.457,-0.241,-1.127,3.225,0,0,0
268.508,-0.241,-1.129,3.221,0,0,0
268.559,-0.241,-1.129,3.221,0,0,0
268.610,-0.241,-1.129,3.225,0,0,0
268.661,-0.241,-1.129,3.210,0,0,0
268.814,-0.241,-1.131,3.221,0,0,0
268.865,-0.241,-1.131,3.225,0,0,0
268.916,-0.241,-1.131,3.207,0,0,0
268.967,-0.241,-1.131,3.218,0,0,0
269.018,-0.241,-1.131,3.218,0,0,0
269.069,-0.241,-1.131,3.210,0,0,0
269.120,-0.240,-1.131,3.214,0,0,0
269.171,-0.240,-1.131,3.218,0,0,0
269.222,-0.240,-1.131,3.218,0,0,0
269.273,-0.240,-1.131,3.221,0,0,0
269.324,-0.240,-1.131,3.214,0,0,0
269.375,-0.240,-1.131,3.218,0,0,0
269.426,-0.240,-1.131,3.221,0,0,0
269.477,-0.240,-1.131,3.221,0,0,0
269.528,-0.240,-1.131,3.214,0,0,0
269.579,-0.240,-1.131,3.207,0,0,0
269.630,-0.240,-1.131,3.221,0,0,0
269.681,-0.240,-1.132,3.225,0,0,0
269.732,-0.240,-1.132,3.217,0,0,0
269.783,-0.240,-1.132,3.221,0,0,0
269.834,-0.240,-1.132,3.214,0,0,0
269.885,-0.240,-1.132,3.221,0,0,0
269.936,-0.240,-1.132,3.221,0,0,0
269.987,-0.240,-1.132,3.225,0,0,0
270.038,-0.240,-1.132,3.218,0,0,0
270.089,-0.240,-1.132,3.217,0,0,0
270.140,-0.240,-1.132,3.221,0,0,0
270.191,-0.240,-1.132,3.221,0,0,0
270.242,-0.240,-1.132,3.218,0,0,0
270.293,-0.240,-1.132,3.225,0,0,0
270.344,-0.240,-1.132,3.211,0,0,0
270.446,-0.240,-1.132,3.221,0,0,0
270.497,-0.240,-1.132,3.243,0,0,0
270.548,-0.240,-1.132,3.221,0,0,0
270.599,-0.240,-1.132,3.214,0,0,0
270.650,-0.240,-1.132,3.214,0,0,0
270.701,-0.240,-1.132,3.221,0,0,0
270.752,-0.240,-1.132,3.218,0,0,0
270.803,-0.240,-1.132,3.221,0,0,0
270.854,-0.240,-1.132,3.221,0,0,0
270.905,-0.240,-1.132,3.225,0,0,0
270.956,-0.240,-1.132,3.211,0,0,0
271.007,-0.240,-1.132,3.228,0,0,0
271.058,-0.240,-1.132,3.210,0,0,0
271.109,-0.240,-1.132,3.210,0,0,0
271.160,-0.240,-1.132,3.221,0,0,0
271.211,-0.240,-1.132,3.210,0,0,0
271.262,-0.240,-1.132,3.218,0,0,0
271.313,-0.240,-1.132,3.211,0,0,0
271.415,-0.241,-1.129,3.225,0,0,0
271.466,-0.241,-1.129,3.218,0,0,0
271.517,-0.241,-1.129,3.210,0,0,0
271.568,-0.241,-1.129,3.210,0,0,0
271.619,-0.241,-1.129,3.232,0,0,0
271.670,-0.241,-1.129,3.225,0,0,0
271.772,-0.241,-1.128,3.214,0,0,0
271.823,-0.241,-1.128,3.214,0,0,0
271.874,-0.241,-1.128,3.210,0,0,0
271.925,-0.241,-1.128,3.214,0,0,0
271.976,-0.241,-1.127,3.210,0,0,0
272.027,-0.241,-1.127,3.210,0,0,0
272.078,-0.241,-1.127,3.221,0,0,0
272.129,-0.241,-1.127,3.207,0,0,0
272.180,-0.241,-1.127,3.211,0,0,0
272.231,-0.241,-1.127,3.199,0,0,0
272.282,-0.242,-1.123,3.199,0,0,0
272.333,-0.242,-1.123,3.221,0,0,0
272.384,-0.242,-1.123,3.236,0,0,0
272.435,-0.242,-1.123,3.214,0,0,0
272.486,-0.242,-1.123,3.214,0,0,0
272.537,-0.241,-1.126,3.221,0,0,0
272.588,-0.241,-1.126,3.203,0,0,0
272.639,-0.241,-1.126,3.210,0,0,0
272.690,-0.241,-1.126,3.218,0,0,0
272.741,-0.241,-1.126,3.218,0,0,0
272.792,-0.241,-1.126,3.218,0,0,0
272.843,-0.241,-1.124,3.207,0,0,0
272.894,-0.241,-1.124,3.221,0,0,0
272.945,-0.241,-1.124,3.228,0,0,0
272.996,-0.241,-1.124,3.224,0,0,0
273.047,-0.241,-1.124,3.218,0,0,0
273.098,-0.241,-1.124,3.210,0,0,0
273.149,-0.241,-1.123,3.221,0,0,0
273.200,-0.241,-1.123,3.221,0,0,0
273.251,-0.241,-1.123,3.225,0,0,0
273.302,-0.241,-1.123,3.218,0,0,0
273.353,-0.241,-1.123,3.221,0,0,0
273.404,-0.241,-1.123,3.203,0,0,0
273.455,-0.241,-1.123,3.203,0,0,0
273.506,-0.241,-1.123,3.218,0,0,0
273.557,-0.241,-1.123,3.218,0,0,0
273.608,-0.241,-1.123,3.214,0,0,0
273.659,-0.241,-1.123,3.214,0,0,0
273.710,-0.242,-1.121,3.228,0,0,0
273.812,-0.242,-1.121,3.225,0,0,0
273.914,-0.242,-1.121,3.225,0,0,0
273.965,-0.242,-1.121,3.200,0,0,0
274.016,-0.242,-1.121,3.211,0,0,0
274.067,-0.242,-1.121,3.218,0,0,0
274.118,-0.242,-1.121,3.218,0,0,0
274.169,-0.242,-1.121,3.218,0,0,0
274.220,-0.242,-1.121,3.214,0,0,0
274.322,-0.243,-1.122,3.214,0,0,0
274.526,-0.243,-1.122,3.214,0,0,0
274.577,-0.242,-1.123,3.218,0,0,0
274.628,-0.242,-1.123,3.218,0,0,0
274.679,-0.242,-1.123,3.221,0,0,0
274.730,-0.242,-1.123,3.221,0,0,0
274.781,-0.242,-1.123,3.210,0,0,0
274.832,-0.242,-1.123,3.210,0,0,0
274.883,-0.242,-1.123,3.217,0,0,0
274.934,-0.242,-1.123,3.211,0,0,0
275.036,-0.242,-1.123,3.221,0,0,0
275.087,-0.242,-1.123,3.221,0,0,0
275.138,-0.241,-1.124,3.214,0,0,0
275.189,-0.241,-1.124,3.218,0,0,0
275.240,-0.241,-1.124,3.225,0,0,0
275.291,-0.241,-1.124,3.225,0,0,0
275.342,-0.241,-1.124,3.221,0,0,0
275.393,-0.241,-1.124,3.203,0,0,0
275.444,-0.241,-1.124,3.214,0,0,0
275.495,-0.241,-1.124,3.225,0,0,0
275.546,-0.241,-1.124,3.225,0,0,0
275.597,-0.241,-1.124,3.218,0,0,0
275.648,-0.241,-1.124,3.214,0,0,0
275.699,-0.241,-1.124,3.210,0,0,0
275.852,-0.241,-1.124,3.218,0,0,0
275.903,-0.241,-1.124,3.221,0,0,0
275.954,-0.241,-1.124,3.214,0,0,0
276.005,-0.241,-1.123,3.214,0,0,0
276.056,-0.241,-1.123,3.243,0,0,0
276.107,-0.241,-1.123,3.207,0,0,0
276.158,-0.241,-1.123,3.221,0,0,0
276.209,-0.241,-1.123,3.218,0,0,0
276.260,-0.241,-1.123,3.218,0,0,0
276.311,-0.241,-1.124,3.214,0,0,0
276.362,-0.241,-1.124,3.214,0,0,0
276.413,-0.241,-1.124,3.218,0,0,0
276.464,-0.241,-1.124,3.218,0,0,0
276.566,-0.241,-1.124,3.221,0,0,0
276.617,-0.241,-1.124,3.207,0,0,0
276.668,-0.241,-1.124,3.221,0,0,0
276.719,-0.241,-1.124,3.221,0,0,0
276.770,-0.241,-1.124,3.210,0,0,0
276.821,-0.241,-1.124,3.221,0,0,0
276.872,-0.240,-1.124,3.221,0,0,0
276.923,-0.240,-1.124,3.221,0,0,0
276.974,-0.240,-1.124,3.218,0,0,0
277.025,-0.240,-1.124,3.218,0,0,0
277.076,-0.240,-1.124,3.210,0,0,0
277.178,-0.241,-1.125,3.221,0,0,0
277.229,-0.241,-1.125,3.214,0,0,0
277.280,-0.241,-1.125,3.232,0,0,0
277.331,-0.241,-1.125,3.211,0,0,0
277.382,-0.241,-1.125,3.211,0,0,0
277.433,-0.241,-1.122,3.214,0,0,0
277.484,-0.241,-1.122,3.214,0,0,0
277.535,-0.241,-1.122,3.203,0,0,0
277.586,-0.241,-1.122,3.207,0,0,0
277.637,-0.241,-1.122,3.207,0,0,0
277.688,-0.241,-1.122,3.214,0,0,0
277.739,-0.241,-1.123,3.210,0,0,0
277.790,-0.241,-1.123,3.225,0,0,0
277.841,-0.241,-1.123,3.225,0,0,0
277.892,-0.241,-1.123,3.225,0,0,0
277.943,-0.241,-1.123,3.221,0,0,0
277.994,-0.241,-1.123,3.214,0,0,0
278.045,-0.241,-1.123,3.221,0,0,0
278.096,-0.241,-1.123,3.221,0,0,0
278.147,-0.241,-1.123,3.221,0,0,0
278.198,-0.241,-1.123,3.214,0,0,0
278.249,-0.241,-1.123,3.207,0,0,0
278.300,-0.241,-1.123,3.214,0,0,0
278.351,-0.241,-1.123,3.214,0,0,0
278.402,-0.241,-1.123,3.221,0,0,0
278.453,-0.241,-1.123,3.214,0,0,0
278.504,-0.241,-1.123,3.225,0,0,0
278.555,-0.241,-1.123,3.225,0,0,0
278.606,-0.242,-1.126,3.218,0,0,0
278.657,-0.242,-1.126,3.221,0,0,0
278.708,-0.242,-1.126,3.214,0,0,0
278.759,-0.242,-1.126,3.218,0,0,0
278.810,-0.242,-1.126,3.218,0,0,0
278.861,-0.244,-1.128,3.207,0,0,0
278.912,-0.244,-1.128,3.221,0,0,0
278.963,-0.244,-1.128,3.236,0,0,0
279.014,-0.244,-1.128,3.236,0,0,0
279.065,-0.244,-1.128,3.221,0,0,0
279.116,-0.244,-1.128,3.207,0,0,0
279.167,-0.247,-1.131,3.218,0,0,0
279.218,-0.247,-1.131,3.221,0,0,0
279.269,-0.247,-1.131,3.221,0,0,0
279.320,-0.247,-1.131,3.218,0,0,0
279.371,-0.247,-1.131,3.218,0,0,0
279.422,-0.247,-1.131,3.217,0,0,0
279.473,-0.250,-1.136,3.214,0,0,0
279.524,-0.250,-1.136,3.214,0,0,0
279.575,-0.250,-1.136,3.218,0,0,0
279.626,-0.250,-1.136,3.225,0,0,0
279.677,-0.250,-1.136,3.228,0,0,0
279.728,-0.251,-1.136,3.228,0,0,0
279.779,-0.251,-1.136,3.221,0,0,0
279.830,-0.251,-1.136,3.211,0,0,0
279.881,-0.251,-1.136,3.225,0,0,0
279.932,-0.251,-1.136,3.225,0,0,0
279.983,-0.251,-1.136,3.225,0,0,0
280.034,-0.250,-1.135,3.221,0,0,0
280.187,-0.250,-1.135,3.214,0,0,0
280.238,-0.250,-1.135,3.207,0,0,0
280.289,-0.250,-1.135,3.207,0,0,0
280.340,-0.251,-1.137,3.221,0,0,0
280.391,-0.251,-1.137,3.207,0,0,0
280.442,-0.251,-1.137,3.207,0,0,0
280.493,-0.251,-1.137,3.229,0,0,0
280.544,-0.251,-1.137,3.211,0,0,0
280.595,-0.250,-1.136,3.210,0,0,0
280.646,-0.250,-1.136,3.210,0,0,0
280.697,-0.250,-1.136,3.214,0,0,0
280.748,-0.250,-1.136,3.210,0,0,0
280.799,-0.250,-1.136,3.207,0,0,0
280.850,-0.250,-1.136,3.218,0,0,0
280.901,-0.249,-1.136,3.218,0,0,0
280.952,-0.249,-1.136,3.225,0,0,0
281.003,-0.249,-1.136,3.228,0,0,0
281.054,-0.249,-1.136,3.218,0,0,0
281.105,-0.249,-1.136,3.214,0,0,0
281.156,-0.249,-1.136,3.214,0,0,1
281.207,-0.251,-1.137,3.210,0,0,0
281.258,-0.251,-1.137,3.214,0,0,0
281.309,-0.251,-1.137,3.203,0,0,0
281.360,-0.251,-1.137,3.203,0,0,0
281.411,-0.251,-1.137,3.221,0,0,0
281.462,-0.250,-1.137,3.211,0,0,0
281.513,-0.250,-1.137,3.214,0,0,0
281.564,-0.250,-1.137,3.203,0,0,0
281.615,-0.250,-1.137,3.203,0,0,0
281.666,-0.250,-1.137,3.221,0,0,0
281.717,-0.250,-1.137,3.207,0,0,0
281.768,-0.249,-1.135,3.217,0,0,0
281.819,-0.249,-1.135,3.217,0,0,0
281.870,-0.249,-1.135,3.229,0,0,0
281.921,-0.249,-1.135,3.210,0,0,0
281.972,-0.249,-1.135,3.214,0,0,0
282.023,-0.249,-1.135,3.221,0,0,0
282.074,-0.250,-1.136,3.221,0,0,0
282.125,-0.250,-1.136,3.225,0,0,0
282.227,-0.250,-1.136,3.217,0,0,0
282.278,-0.250,-1.136,3.217,0,0,0
282.329,-0.250,-1.134,3.218,0,0,0
282.380,-0.250,-1.134,3.214,0,0,0
282.431,-0.250,-1.134,3.225,0,0,0
282.482,-0.250,-1.134,3.199,0,0,0
282.533,-0.250,-1.134,3.199,0,0,0
282.584,-0.250,-1.134,3.214,0,0,0
282.635,-0.251,-1.132,3.211,0,0,0
282.686,-0.251,-1.132,3.218,0,0,0
282.737,-0.251,-1.132,3.214,0,0,0
282.788,-0.251,-1.132,3.214,0,0,0
282.839,-0.251,-1.132,3.225,0,0,0
282.890,-0.251,-1.133,3.221,0,0,0
282.941,-0.251,-1.133,3.221,0,0,0
282.992,-0.251,-1.133,3.221,0,0,0
283.043,-0.251,-1.133,3.218,0,0,0
283.094,-0.251,-1.133,3.225,0,0,0
283.145,-0.251,-1.133,3.225,0,0,0
283.196,-0.252,-1.133,3.221,0,0,0
283.247,-0.252,-1.133,3.221,1,0,0
283.298,-0.252,-1.133,3.210,0,0,0
283.349,-0.252,-1.133,3.203,0,0,0
283.400,-0.252,-1.133,3.221,0,0,0
283.451,-0.252,-1.133,3.221,0,0,0
283.502,-0.252,-1.134,3.217,0,0,0
283.553,-0.252,-1.134,3.214,0,0,0
283.604,-0.252,-1.134,3.225,0,0,0
283.655,-0.252,-1.134,3.214,0,0,0
283.706,-0.252,-1.134,3.214,0,0,0
283.757,-0.252,-1.136,3.214,0,0,0
283.808,-0.252,-1.136,3.221,0,0,0
283.859,-0.252,-1.136,3.218,0,0,0
283.910,-0.252,-1.136,3.218,0,0,0
284.012,-0.252,-1.136,3.210,0,0,0
284.063,-0.252,-1.137,3.207,0,0,0
284.114,-0.252,-1.137,3.210,0,0,0
284.165,-0.252,-1.137,3.210,0,0,0
284.216,-0.252,-1.137,3.210,0,0,0
284.267,-0.252,-1.137,3.221,0,0,0
284.318,-0.252,-1.137,3.218,0,0,0
284.369,-0.251,-1.136,3.206,0,0,0
284.420,-0.251,-1.136,3.206,0,0,0
284.471,-0.251,-1.136,3.225,0,0,0
284.522,-0.251,-1.136,3.228,0,0,0
284.573,-0.251,-1.136,3.210,0,0,0
284.624,-0.250,-1.136,3.210,0,0,0
284.675,-0.250,-1.136,3.229,0,0,0
284.777,-0.250,-1.136,3.221,0,0,0
284.930,-0.250,-1.136,3.210,0,0,0
284.981,-0.250,-1.136,3.218,0,0,0
285.032,-0.250,-1.136,3.214,0,0,0
285.083,-0.250,-1.136,3.214,0,0,0
285.134,-0.250,-1.136,3.221,0,0,0
285.185,-0.250,-1.136,3.218,0,0,0
285.236,-0.250,-1.137,3.218,0,0,0
285.338,-0.250,-1.137,3.214,0,0,0
285.389,-0.250,-1.137,3.232,0,0,0
285.440,-0.250,-1.137,3.225,0,0,0
285.491,-0.252,-1.137,3.217,0,0,0
285.542,-0.252,-1.137,3.217,0,0,0
285.593,-0.252,-1.137,3.236,0,0,0
285.644,-0.252,-1.137,3.214,0,0,0
285.695,-0.252,-1.137,3.228,0,0,0
285.746,-0.252,-1.137,3.225,0,0,0
285.797,-0.253,-1.136,3.225,0,0,0
285.848,-0.253,-1.136,3.221,0,0,0
285.899,-0.253,-1.136,3.218,0,0,0
285.950,-0.253,-1.136,3.214,0,0,0
286.001,-0.253,-1.136,3.225,0,0,0
286.052,-0.253,-1.136,3.225,0,0,0
286.103,-0.254,-1.136,3.217,0,0,0
286.154,-0.254,-1.136,3.229,0,0,0
286.205,-0.254,-1.136,3.229,0,0,0
286.256,-0.254,-1.136,3.229,0,0,0
286.307,-0.254,-1.136,3.214,0,0,0
286.358,-0.253,-1.133,3.214,0,0,0
286.409,-0.253,-1.133,3.207,0,0,0
286.460,-0.253,-1.133,3.218,0,0,0
286.511,-0.253,-1.133,3.218,0,0,0
286.562,-0.253,-1.133,3.210,0,0,0
286.613,-0.253,-1.133,3.221,0,0,0
286.664,-0.252,-1.134,3.218,0,0,0
286.715,-0.252,-1.134,3.218,0,0,0
286.766,-0.252,-1.134,3.225,0,0,0
286.817,-0.252,-1.134,3.214,0,0,0
286.868,-0.252,-1.134,3.218,0,0,0
286.919,-0.254,-1.135,3.210,0,0,0
286.970,-0.254,-1.135,3.210,0,0,0
287.021,-0.254,-1.135,3.218,0,0,0
287.072,-0.254,-1.135,3.236,0,0,0
287.123,-0.254,-1.135,3.221,0,0,0
287.174,-0.254,-1.135,3.221,0,0,0
287.225,-0.253,-1.135,3.207,0,0,0
287.276,-0.253,-1.135,3.211,0,0,0
287.327,-0.253,-1.135,3.218,0,0,0
287.378,-0.253,-1.135,3.218,0,0,0
287.429,-0.253,-1.135,3.218,0,0,0
287.480,-0.253,-1.135,3.225,0,0,0
287.531,-0.254,-1.137,3.218,0,0,0
287.582,-0.254,-1.137,3.217,0,0,0
287.633,-0.254,-1.137,3.218,0,0,0
287.684,-0.254,-1.137,3.218,0,0,0
287.735,-0.254,-1.137,3.225,0,0,0
287.786,-0.254,-1.136,3.206,0,0,0
287.837,-0.254,-1.136,3.225,0,0,0
287.888,-0.254,-1.136,3.225,0,0,0
287.939,-0.254,-1.136,3.210,0,0,0
287.990,-0.254,-1.136,3.214,0,0,0
288.041,-0.254,-1.136,3.214,0,0,0
288.092,-0.253,-1.136,3.221,0,0,0
288.143,-0.253,-1.136,3.221,0,0,0
288.194,-0.253,-1.136,3.218,0,0,0
288.245,-0.253,-1.136,3.210,0,0,0
288.296,-0.253,-1.136,3.214,0,0,0
288.347,-0.253,-1.136,3.214,0,0,0
288.398,-0.253,-1.135,3.221,0,0,0
288.449,-0.253,-1.135,3.207,0,0,0
288.500,-0.253,-1.135,3.218,0,0,0
288.551,-0.253,-1.135,3.225,0,0,0
288.602,-0.253,-1.135,3.225,0,0,0
288.653,-0.252,-1.135,3.214,0,0,0
288.704,-0.252,-1.135,3.203,0,0,0
288.755,-0.252,-1.135,3.218,0,0,0
288.806,-0.252,-1.135,3.218,0,0,0
288.857,-0.252,-1.135,3.229,0,0,0
288.908,-0.252,-1.135,3.211,0,0,0
288.959,-0.250,-1.135,3.218,0,0,0
289.010,-0.250,-1.135,3.203,0,0,0
289.061,-0.250,-1.135,3.203,0,0,0
289.112,-0.250,-1.135,3.218,0,0,0
289.163,-0.250,-1.135,3.210,0,0,0
289.214,-0.250,-1.135,3.214,0,0,0
289.265,-0.248,-1.136,3.217,0,0,0
289.316,-0.248,-1.136,3.217,0,0,0
289.367,-0.248,-1.136,3.221,0,0,0
289.469,-0.248,-1.136,3.210,0,0,0
289.520,-0.245,-1.136,3.210,0,0,0
289.571,-0.245,-1.136,3.225,0,0,0
289.622,-0.245,-1.136,3.211,0,0,0
289.673,-0.245,-1.136,3.229,0,0,0
289.724,-0.245,-1.136,3.225,0,0,0
289.775,-0.245,-1.136,3.225,0,0,0
289.826,-0.244,-1.136,3.214,0,0,0
289.877,-0.244,-1.136,3.196,0,0,0
289.928,-0.244,-1.136,3.214,0,0,0
289.979,-0.244,-1.136,3.214,0,0,0
290.132,-0.244,-1.136,3.218,0,0,0
