893.613,-0.070,0.169,3.109,0,0,0
893.664,-0.070,0.169,3.115,0,0,0
893.725,-0.070,0.169,3.115,0,0,0
893.776,-0.070,0.169,3.111,0,0,0
893.827,-0.069,0.170,3.111,0,0,0
893.878,-0.069,0.170,3.114,0,0,0
893.929,-0.069,0.170,3.114,0,0,0
893.980,-0.069,0.170,3.115,0,0,0
894.031,-0.069,0.170,3.125,0,0,0
894.082,-0.069,0.170,3.126,0,0,0
894.133,-0.069,0.170,3.096,0,0,0
894.184,-0.069,0.170,3.096,0,0,0
894.235,-0.069,0.170,3.101,0,0,0
894.286,-0.069,0.170,3.118,0,0,0
894.337,-0.069,0.170,3.121,0,0,0
894.388,-0.069,0.171,3.125,0,0,0
894.439,-0.069,0.171,3.125,0,0,0
894.490,-0.069,0.171,3.115,0,0,0
894.541,-0.069,0.171,3.111,0,0,0
894.592,-0.069,0.171,3.115,0,0,0
894.643,-0.069,0.171,3.115,0,0,0
894.694,-0.068,0.171,3.123,0,0,0
894.745,-0.068,0.171,3.094,0,0,0
894.796,-0.068,0.171,3.113,0,0,0
894.847,-0.068,0.171,3.108,0,0,0
894.898,-0.068,0.171,3.108,0,0,0
894.949,-0.068,0.170,3.124,0,0,0
895.000,-0.068,0.170,3.103,0,0,0
895.051,-0.068,0.170,3.112,0,0,0
895.102,-0.068,0.170,3.112,0,0,0
895.153,-0.068,0.170,3.119,0,0,0
895.204,-0.068,0.170,3.112,0,0,0
895.255,-0.069,0.170,3.111,0,0,0
895.306,-0.069,0.170,3.126,0,0,0
895.357,-0.069,0.170,3.126,0,0,0
895.408,-0.069,0.170,3.114,0,0,0
895.459,-0.069,0.170,3.129,0,0,0
895.510,-0.069,0.170,3.126,0,0,0
895.561,-0.069,0.169,3.126,0,0,0
895.612,-0.069,0.169,3.112,0,0,0
895.663,-0.069,0.169,3.122,0,0,0
895.714,-0.069,0.169,3.124,0,0,0
895.765,-0.069,0.169,3.122,0,0,0
895.816,-0.069,0.169,3.122,0,0,0
895.867,-0.069,0.169,3.112,0,0,0
895.918,-0.069,0.169,3.112,0,0,0
895.969,-0.069,0.169,3.101,0,0,0
896.020,-0.069,0.169,3.105,0,0,0
896.071,-0.069,0.169,3.114,10,-6,-7
896.122,-0.069,0.169,3.155,14,1,-13
896.174,-0.069,0.169,3.131,15,6,-14
896.225,-0.069,0.169,3.095,15,8,-14
896.276,-0.069,0.169,3.095,15,8,-15
896.327,-0.069,0.169,3.077,15,8,-16
896.378,-0.070,0.170,3.040,16,8,-15
896.429,-0.070,0.170,3.025,15,7,-16
896.480,-0.070,0.170,3.016,16,7,-15
896.531,-0.070,0.170,3.016,15,7,-16
896.582,-0.070,0.170,3.003,16,6,-16
896.633,-0.070,0.170,2.990,15,6,-16
896.684,-0.085,0.160,2.969,2,10,-15
896.735,-0.085,0.160,2.969,1,13,-16
896.786,-0.085,0.160,2.981,2,13,-15
896.837,-0.085,0.160,2.969,1,14,-15
896.888,-0.085,0.160,2.962,0,14,-15
896.939,-0.085,0.160,2.989,0,14,-15
896.990,-0.122,0.137,2.989,0,14,-15
897.041,-0.122,0.137,2.965,0,14,-15
897.092,-0.122,0.137,2.973,-1,15,-14
897.143,-0.122,0.137,2.965,-1,14,-15
897.194,-0.122,0.137,2.965,0,14,-15
897.245,-0.168,0.096,2.958,0,15,-15
897.296,-0.168,0.096,2.960,1,14,-14
897.347,-0.168,0.096,2.966,0,14,-15
897.398,-0.168,0.096,2.945,0,15,-15
897.449,-0.168,0.096,2.945,0,14,-14
897.500,-0.168,0.096,2.953,0,14,-14
897.551,-0.218,0.031,2.948,0,14,-15
897.603,-0.218,0.031,2.955,-5,15,-14
897.655,-0.218,0.031,2.982,-9,14,-14
897.706,-0.218,0.031,2.982,-11,15,-11
897.757,-0.218,0.031,2.995,-12,15,-11
897.808,-0.218,0.031,3.005,-11,16,-10
897.859,-0.259,-0.043,3.012,-11,15,-10
897.910,-0.259,-0.043,3.012,-11,15,-10
897.961,-0.259,-0.043,3.024,-11,15,-10
898.063,-0.259,-0.043,3.030,-10,15,-9
898.114,-0.286,-0.127,3.051,-10,16,-10
898.166,-0.286,-0.127,3.051,-10,15,-10
898.217,-0.286,-0.127,3.050,-10,16,-9
898.269,-0.286,-0.127,3.055,-9,15,-11
898.320,-0.286,-0.127,3.061,1,16,-11
898.371,-0.286,-0.127,3.061,1,15,-13
898.422,-0.286,-0.215,3.049,-2,15,-14
898.473,-0.286,-0.215,3.030,1,15,-13
898.524,-0.286,-0.215,3.011,2,15,-14
898.575,-0.286,-0.215,3.000,-1,15,-14
898.626,-0.286,-0.215,3.000,1,15,-14
898.677,-0.286,-0.215,3.000,0,14,-14
898.728,-0.274,-0.299,2.988,0,15,-14
898.779,-0.274,-0.299,2.984,0,14,-13
898.831,-0.274,-0.299,2.989,-6,15,-14
898.883,-0.274,-0.299,2.989,-11,15,-12
898.934,-0.274,-0.299,3.015,-11,15,-10
898.985,-0.256,-0.385,3.029,-11,16,-10
899.036,-0.256,-0.385,3.044,-12,15,-9
899.087,-0.256,-0.385,3.044,-11,15,-9
899.138,-0.256,-0.385,3.049,-12,16,-9
899.189,-0.256,-0.385,3.059,-11,15,-9
899.240,-0.256,-0.385,3.079,-11,16,-9
899.291,-0.230,-0.469,3.093,-11,15,-9
899.342,-0.230,-0.469,3.093,-11,16,-9
899.393,-0.230,-0.469,3.107,-11,15,-8
899.444,-0.230,-0.469,3.115,-11,16,-10
899.495,-0.230,-0.469,3.127,-10,15,-9
899.546,-0.206,-0.549,3.127,-11,16,-9
899.597,-0.206,-0.549,3.131,-10,16,-8
899.648,-0.206,-0.549,3.166,-11,15,-10
899.699,-0.206,-0.549,3.166,-10,16,-8
899.801,-0.206,-0.549,3.177,-10,15,-9
899.852,-0.176,-0.629,3.186,-10,16,-9
899.903,-0.176,-0.629,3.197,-10,15,-9
899.954,-0.176,-0.629,3.212,-11,16,-9
900.005,-0.176,-0.629,3.224,-10,16,-9
900.056,-0.176,-0.629,3.224,-10,15,-9
900.107,-0.176,-0.629,3.224,-10,16,-9
900.158,-0.130,-0.704,3.243,-12,16,-8
900.209,-0.130,-0.704,3.255,-14,16,-7
900.260,-0.130,-0.704,3.255,-14,16,-5
900.311,-0.130,-0.704,3.274,-15,15,-4
900.362,-0.130,-0.704,3.270,-14,16,-5
900.413,-0.071,-0.773,3.294,-15,16,-6
900.464,-0.071,-0.773,3.314,-15,16,-5
900.515,-0.071,-0.773,3.314,-15,16,-5
900.566,-0.071,-0.773,3.332,-16,15,-6
900.617,-0.071,-0.773,3.363,-15,17,-6
900.721,-0.006,-0.836,3.394,-15,16,3
900.773,-0.006,-0.836,3.390,-15,16,9
900.824,-0.006,-0.836,3.346,-15,14,11
900.875,-0.006,-0.836,3.343,-15,13,11
900.926,-0.006,-0.836,3.304,-16,13,11
900.977,-0.006,-0.836,3.304,-15,11,11
901.028,0.066,-0.893,3.290,-16,11,10
901.079,0.066,-0.893,3.266,-16,10,9
901.130,0.066,-0.893,3.286,-16,11,10
901.181,0.066,-0.893,3.291,-15,10,9
901.232,0.066,-0.893,3.291,-16,9,9
901.283,0.147,-0.927,3.271,-16,9,8
901.334,0.147,-0.927,3.283,-15,9,9
901.385,0.147,-0.927,3.276,-16,9,9
901.436,0.147,-0.927,3.276,-15,9,8
901.487,0.147,-0.927,3.284,-16,9,9
901.538,0.147,-0.927,3.294,-16,8,8
901.589,0.235,-0.941,3.301,-16,8,8
901.640,0.235,-0.941,3.317,-15,9,9
901.691,0.235,-0.941,3.317,-16,9,8
901.742,0.235,-0.941,3.315,-16,8,8
901.793,0.235,-0.941,3.339,-16,8,8
901.844,0.235,-0.941,3.335,-15,8,8
901.895,0.324,-0.938,3.335,-16,8,8
901.946,0.324,-0.938,3.335,-16,8,9
901.997,0.324,-0.938,3.360,-16,9,8
902.099,0.324,-0.938,3.375,-16,5,9
902.150,0.413,-0.920,3.375,-16,-5,13
902.202,0.413,-0.920,3.408,-16,-9,14
902.253,0.413,-0.920,3.443,-16,-9,15
902.304,0.413,-0.920,3.485,-16,-8,15
902.355,0.413,-0.920,3.485,-3,-1,1
902.406,0.413,-0.920,3.523,-1,-1,-1
902.457,0.499,-0.904,3.511,-2,0,1
902.508,0.499,-0.904,3.519,-1,0,-1
902.559,0.499,-0.904,3.516,-1,0,-1
902.610,0.499,-0.904,3.516,0,0,0
902.661,0.499,-0.904,3.529,0,0,1
902.712,0.577,-0.879,3.518,0,0,0
902.763,0.577,-0.879,3.503,0,1,0
902.814,0.577,-0.879,3.505,0,1,0
902.865,0.577,-0.879,3.505,0,0,-1
902.916,0.577,-0.879,3.518,0,0,0
902.967,0.577,-0.879,3.526,0,0,0
903.018,0.634,-0.858,3.501,0,0,0
903.069,0.634,-0.858,3.501,0,0,0
903.120,0.634,-0.858,3.516,0,0,0
903.171,0.634,-0.858,3.529,0,0,0
903.222,0.634,-0.858,3.506,0,0,0
903.273,0.634,-0.858,3.519,0,0,0
903.324,0.670,-0.840,3.519,0,0,0
903.375,0.670,-0.840,3.508,0,-1,0
903.426,0.670,-0.840,3.511,0,0,0
903.477,0.670,-0.840,3.518,1,0,0
903.528,0.670,-0.840,3.518,0,0,0
903.579,0.684,-0.825,3.521,0,0,0
903.630,0.684,-0.825,3.521,0,0,0
903.681,0.684,-0.825,3.495,0,0,0
903.732,0.684,-0.825,3.505,0,0,0
903.783,0.684,-0.825,3.505,0,0,0
903.834,0.684,-0.825,3.516,0,0,0
903.885,0.685,-0.826,3.511,0,0,0
903.936,0.685,-0.826,3.513,0,0,0
903.987,0.685,-0.826,3.513,0,0,0
904.038,0.685,-0.826,3.506,0,0,0
904.089,0.685,-0.826,3.498,0,0,0
904.140,0.685,-0.826,3.513,0,0,0
904.242,0.685,-0.826,3.511,0,0,0
904.293,0.685,-0.826,3.513,-10,-5,11
904.344,0.685,-0.826,3.560,-14,-9,14
904.395,0.685,-0.826,3.605,-15,-8,14
904.446,0.684,-0.827,3.605,-15,-8,15
904.497,0.684,-0.827,3.605,-15,-6,15
904.548,0.684,-0.827,3.690,-16,-7,16
904.599,0.684,-0.827,3.711,-16,-6,16
904.650,0.684,-0.827,3.761,-15,-7,15
904.752,0.689,-0.822,3.783,-16,-6,16
904.804,0.689,-0.822,3.804,-16,-8,17
904.857,0.689,-0.822,3.856,-3,-11,15
904.908,0.689,-0.822,3.845,-2,-13,16
904.959,0.689,-0.822,3.845,-3,-13,15
905.010,0.689,-0.822,3.850,0,-14,16
905.061,0.702,-0.795,3.853,1,-14,15
905.112,0.702,-0.795,3.840,1,-14,15
905.163,0.702,-0.795,3.840,0,-15,15
905.214,0.702,-0.795,3.849,-2,-14,15
905.265,0.702,-0.795,3.836,1,-14,15
905.316,0.716,-0.748,3.843,-1,-15,16
905.368,0.716,-0.748,3.851,0,-14,15
905.419,0.716,-0.748,3.851,0,-14,15
905.470,0.716,-0.748,3.845,0,-15,14
905.521,0.716,-0.748,3.841,0,-14,15
905.572,0.716,-0.748,3.822,-8,-13,15
905.623,0.721,-0.679,3.848,-13,-8,15
905.674,0.721,-0.679,3.848,-15,-5,16
905.725,0.721,-0.679,3.880,-15,-6,15
905.776,0.721,-0.679,3.881,-15,-6,16
905.827,0.721,-0.679,3.907,-16,-6,15
905.878,0.712,-0.596,3.907,-15,-5,16
905.929,0.712,-0.596,3.941,-16,-7,15
905.980,0.712,-0.596,3.975,-16,-6,16
906.031,0.712,-0.596,3.980,-15,-6,16
906.082,0.712,-0.596,4.004,-16,-6,15
906.133,0.712,-0.596,4.004,-16,-5,16
906.184,0.700,-0.512,4.037,-16,-6,16
906.236,0.700,-0.512,4.061,-15,-9,16
906.288,0.700,-0.512,4.080,-7,-11,16
906.340,0.700,-0.512,4.079,-11,-7,16
906.391,0.700,-0.512,4.075,-15,-5,16
906.442,0.700,-0.512,4.075,-15,-7,15
906.493,0.693,-0.427,4.104,-15,-6,16
906.544,0.693,-0.427,4.113,-16,-6,16
906.595,0.693,-0.427,4.113,-16,-6,16
906.646,0.693,-0.427,4.118,-16,-6,16
906.748,0.694,-0.343,4.154,0,-13,16
906.800,0.694,-0.343,4.142,4,-13,15
906.851,0.694,-0.343,4.142,8,-14,14
906.902,0.694,-0.343,4.104,9,-16,14
906.955,0.694,-0.343,4.061,4,-15,14
907.007,0.694,-0.343,4.056,-2,-16,14
907.109,0.708,-0.253,4.056,0,-14,15
907.160,0.708,-0.253,4.051,1,-14,15
907.211,0.708,-0.253,4.056,-1,-15,14
907.262,0.708,-0.253,4.042,0,-14,15
907.313,0.708,-0.253,4.042,0,-14,15
907.364,0.701,-0.171,4.019,0,-15,14
907.415,0.701,-0.171,4.023,0,-14,15
907.466,0.701,-0.171,4.019,0,-14,14
907.517,0.701,-0.171,4.024,0,-15,15
907.619,0.675,-0.094,4.005,0,-14,14
907.670,0.675,-0.094,4.000,-11,-9,15
907.721,0.675,-0.094,3.996,-14,-6,15
907.772,0.675,-0.094,3.996,-14,-8,15
907.823,0.675,-0.094,4.015,-15,-6,16
907.874,0.675,-0.094,4.038,-16,-7,15
907.925,0.635,-0.021,4.048,-15,-6,15
907.976,0.635,-0.021,4.080,-16,-7,16
908.027,0.635,-0.021,4.080,-16,-5,15
908.078,0.635,-0.021,4.097,-16,-7,16
908.129,0.635,-0.021,4.101,-15,-6,16
908.180,0.587,0.049,4.130,-16,-6,15
908.231,0.587,0.049,4.130,-16,-6,16
908.282,0.587,0.049,4.146,-16,-7,16
908.335,0.587,0.049,4.161,-16,-5,16
908.387,0.587,0.049,4.165,-16,-2,16
908.439,0.587,0.049,4.171,-16,4,16
908.491,0.547,0.128,4.171,-15,6,16
908.543,0.547,0.128,4.146,-16,9,14
908.594,0.547,0.128,4.122,-16,10,13
908.645,0.547,0.128,4.097,-16,9,12
908.696,0.547,0.128,4.078,-16,9,11
908.747,0.547,0.128,4.078,-16,9,11
908.849,0.529,0.215,4.064,-15,7,10
908.951,0.529,0.215,4.055,-16,8,10
909.002,0.529,0.215,4.049,-16,7,10
909.053,0.536,0.306,4.059,-16,8,10
909.105,0.536,0.306,4.035,-16,6,10
909.207,0.536,0.306,4.029,-16,7,10
909.258,0.536,0.306,4.029,-17,7,10
909.310,0.536,0.306,4.029,-15,-1,12
909.361,0.565,0.392,4.019,-17,-9,14
909.412,0.565,0.392,4.063,-13,-11,14
909.463,0.565,0.392,4.063,-2,-13,15
909.514,0.565,0.392,4.054,-2,-13,14
909.565,0.565,0.392,4.078,-2,-15,14
909.616,0.616,0.473,4.083,0,-15,14
909.667,0.616,0.473,4.083,0,-14,15
909.718,0.616,0.473,4.082,0,-15,14
909.769,0.616,0.473,4.083,0,-15,14
909.820,0.616,0.473,4.082,1,-15,14
909.871,0.616,0.473,4.077,0,-14,14
909.922,0.644,0.546,4.077,2,-15,14
909.974,0.644,0.546,4.078,7,-15,14
910.077,0.644,0.546,4.029,11,-15,11
910.179,0.644,0.546,4.014,11,-15,9
910.230,0.660,0.615,3.981,14,-15,7
910.332,0.660,0.615,3.939,15,-15,5
910.383,0.660,0.615,3.939,16,-16,6
910.434,0.660,0.615,3.929,15,-15,5
910.485,0.633,0.673,3.906,15,-16,5
910.536,0.633,0.673,3.896,16,-15,5
910.587,0.633,0.673,3.863,15,-16,6
910.638,0.633,0.673,3.863,16,-15,6
910.689,0.633,0.673,3.848,15,-16,5
910.740,0.633,0.673,3.814,16,-15,6
910.791,0.570,0.720,3.795,16,-16,6
910.842,0.570,0.720,3.795,15,-16,6
910.893,0.570,0.720,3.792,16,-16,5
910.944,0.570,0.720,3.761,16,-15,6
910.995,0.570,0.720,3.740,15,-15,-6
911.046,0.570,0.720,3.742,15,-15,-11
911.097,0.497,0.754,3.742,15,-13,-9
911.148,0.497,0.754,3.756,16,-13,-10
911.200,0.497,0.754,3.783,16,2,-14
911.251,0.497,0.754,3.784,16,8,-14
911.302,0.497,0.754,3.784,16,6,-15
911.353,0.406,0.775,3.767,16,7,-16
911.404,0.406,0.775,3.744,16,7,-15
911.455,0.406,0.775,3.721,15,7,-16
911.506,0.406,0.775,3.686,16,7,-16
911.557,0.406,0.775,3.686,16,7,-16
911.608,0.406,0.775,3.688,16,6,-16
911.659,0.322,0.773,3.656,15,6,-16
911.710,0.322,0.773,3.636,16,7,-16
911.761,0.322,0.773,3.606,16,6,-16
911.812,0.322,0.773,3.606,16,6,-16
911.863,0.322,0.773,3.586,15,7,-16
911.914,0.322,0.773,3.577,16,6,-16
911.965,0.249,0.744,3.555,16,6,-16
912.016,0.249,0.744,3.555,16,6,-16
912.067,0.249,0.744,3.534,16,6,-16
912.118,0.249,0.744,3.501,16,6,-16
912.169,0.249,0.744,3.499,16,7,-16
912.220,0.192,0.688,3.471,15,6,-16
912.271,0.192,0.688,3.471,16,5,-17
912.322,0.192,0.688,3.453,16,6,-16
912.373,0.192,0.688,3.426,16,7,-16
912.424,0.192,0.688,3.403,16,6,-16
912.475,0.192,0.688,3.403,16,6,-16
912.526,0.145,0.608,3.390,16,7,-16
912.628,0.145,0.608,3.346,16,5,-17
912.679,0.145,0.608,3.325,14,9,-16
912.731,0.145,0.608,3.325,3,12,-16
912.782,0.103,0.524,3.317,2,13,-16
912.833,0.103,0.524,3.315,3,14,-15
912.884,0.103,0.524,3.301,1,13,-15
912.935,0.103,0.524,3.301,0,14,-16
912.986,0.103,0.524,3.307,0,14,-15
913.037,0.103,0.524,3.315,0,14,-15
913.088,0.060,0.442,3.322,-1,14,-15
913.139,0.060,0.442,3.323,-1,14,-15
913.190,0.060,0.442,3.323,0,14,-15
913.241,0.060,0.442,3.333,1,14,-15
913.292,0.060,0.442,3.328,0,14,-15
913.343,0.060,0.442,3.338,0,14,-15
913.394,0.025,0.359,3.324,0,15,-15
913.445,0.025,0.359,3.324,0,14,-14
913.496,0.025,0.359,3.313,0,14,-15
913.547,0.025,0.359,3.313,0,14,-15
913.599,0.025,0.359,3.319,3,13,-16
913.651,0.004,0.276,3.319,10,12,-15
913.702,0.004,0.276,3.292,13,8,-15
913.753,0.004,0.276,3.288,15,6,-15
913.804,0.004,0.276,3.261,15,5,-16
913.855,0.004,0.276,3.250,16,6,-16
913.906,0.004,0.276,3.250,15,6,-16
913.957,-0.002,0.190,3.228,16,7,-16
914.008,-0.002,0.190,3.203,16,5,-15
914.059,-0.002,0.190,3.184,15,6,-16
914.110,-0.002,0.190,3.184,15,7,-16
914.161,-0.002,0.190,3.157,16,5,-16
914.212,-0.002,0.190,3.158,15,7,-15
914.263,-0.009,0.106,3.134,16,6,-16
914.314,-0.009,0.106,3.098,16,6,-16
914.365,-0.009,0.106,3.098,15,6,-16
914.416,-0.009,0.106,3.095,16,6,-16
914.467,-0.009,0.106,3.068,16,5,-16
914.518,-0.034,0.028,3.062,16,6,-16
914.569,-0.034,0.028,3.023,15,6,-16
914.620,-0.034,0.028,3.023,16,7,-16
914.671,-0.034,0.028,3.007,16,6,-16
914.722,-0.034,0.028,3.011,15,5,-16
914.773,-0.034,0.028,3.000,16,7,-16
914.824,-0.081,-0.044,3.000,16,6,-16
914.875,-0.081,-0.044,2.982,15,6,-16
914.977,-0.081,-0.044,2.963,16,6,-16
915.028,-0.081,-0.044,2.958,16,5,-16
915.079,-0.081,-0.044,2.958,15,6,-16
915.130,-0.155,-0.108,2.939,16,7,-16
915.181,-0.155,-0.108,2.948,16,5,-16
915.232,-0.155,-0.108,2.931,16,6,-16
915.283,-0.155,-0.108,2.931,16,7,-16
915.334,-0.155,-0.108,2.909,16,5,-16
915.385,-0.227,-0.169,2.906,16,6,-16
915.436,-0.227,-0.169,2.914,16,6,-16
915.487,-0.227,-0.169,2.885,15,6,-16
915.538,-0.227,-0.169,2.885,17,5,-16
915.589,-0.227,-0.169,2.887,15,6,-17
915.640,-0.227,-0.169,2.872,16,7,-16
915.691,-0.303,-0.222,2.910,16,5,-16
915.742,-0.303,-0.222,2.910,16,6,-16
915.793,-0.303,-0.222,2.901,16,6,-16
915.844,-0.303,-0.222,2.900,16,6,-16
915.895,-0.303,-0.222,2.924,16,6,-16
915.946,-0.303,-0.222,2.927,16,7,-17
915.997,-0.383,-0.269,2.927,16,7,-16
916.048,-0.383,-0.269,2.940,16,5,-16
916.099,-0.383,-0.269,2.943,16,6,-16
916.150,-0.383,-0.269,2.985,16,6,-16
916.201,-0.383,-0.269,2.985,16,5,-16
916.252,-0.458,-0.310,2.986,16,7,-16
916.303,-0.458,-0.310,3.002,16,6,-17
916.354,-0.458,-0.310,3.009,16,6,-16
916.405,-0.458,-0.310,3.001,16,6,-16
916.456,-0.458,-0.310,3.001,16,6,-16
916.508,-0.458,-0.310,3.004,16,-6,-16
916.559,-0.547,-0.342,3.056,16,-10,-16
916.611,-0.547,-0.342,3.074,16,-13,-5
916.663,-0.547,-0.342,3.057,17,-14,7
916.714,-0.547,-0.342,3.057,16,-14,9
916.765,-0.547,-0.342,3.032,16,-15,6
916.816,-0.639,-0.369,3.011,16,-16,7
916.867,-0.639,-0.369,3.003,16,-15,6
916.918,-0.639,-0.369,3.003,17,-16,7
916.969,-0.639,-0.369,2.977,16,-15,5
917.020,-0.639,-0.369,2.933,16,-16,6
917.071,-0.639,-0.369,2.905,17,-15,6
917.122,-0.721,-0.370,2.893,16,-16,6
917.173,-0.721,-0.370,2.893,16,-15,6
917.224,-0.721,-0.370,2.879,16,-16,6
917.275,-0.721,-0.370,2.844,16,-15,7
917.326,-0.721,-0.370,2.828,17,-16,5
917.377,-0.721,-0.370,2.828,16,-16,6
917.428,-0.785,-0.335,2.828,16,-15,7
917.479,-0.785,-0.335,2.755,16,-16,5
917.530,-0.785,-0.335,2.706,17,-15,6
917.581,-0.785,-0.335,2.688,16,-16,7
917.683,-0.823,-0.272,2.674,16,-16,2
917.734,-0.823,-0.272,2.678,15,-16,-1
917.785,-0.823,-0.272,2.669,15,-16,1
917.836,-0.823,-0.272,2.678,15,-15,1
917.887,-0.823,-0.272,2.678,15,-16,1
917.938,-0.823,-0.272,2.662,14,-16,0
917.989,-0.833,-0.184,2.661,15,-16,0
918.040,-0.833,-0.184,2.673,14,-16,0
918.091,-0.833,-0.184,2.673,14,-16,0
918.142,-0.833,-0.184,2.675,14,-16,0
918.193,-0.833,-0.184,2.674,14,-15,1
918.244,-0.833,-0.184,2.660,14,-16,1
918.295,-0.831,-0.088,2.655,13,-16,1
918.346,-0.831,-0.088,2.655,14,-16,1
918.397,-0.831,-0.088,2.670,13,-16,1
918.448,-0.831,-0.088,2.676,14,-15,5
918.499,-0.831,-0.088,2.647,15,-16,8
918.550,-0.829,0.005,2.647,16,-15,7
918.601,-0.829,0.005,2.604,15,-16,7
918.652,-0.829,0.005,2.584,16,-16,7
918.703,-0.829,0.005,2.564,15,-16,7
918.754,-0.829,0.005,2.532,15,-16,6
918.805,-0.829,0.005,2.532,16,-16,7
918.856,-0.828,0.097,2.528,15,-16,6
918.907,-0.828,0.097,2.508,16,-16,7
918.958,-0.828,0.097,2.470,15,-16,6
919.009,-0.828,0.097,2.470,16,-16,6
919.060,-0.828,0.097,2.453,-9,-15,11
919.111,-0.828,0.097,2.434,-14,-14,14
919.162,-0.824,0.197,2.459,-14,-13,14
919.213,-0.824,0.197,2.465,-15,-13,15
919.264,-0.824,0.197,2.465,-15,-10,15
919.315,-0.824,0.197,2.528,-15,-10,16
919.366,-0.824,0.197,2.526,-16,-8,15
919.417,-0.810,0.294,2.545,-16,-8,16
919.468,-0.810,0.294,2.576,-15,-7,15
919.519,-0.810,0.294,2.576,-16,-8,16
919.570,-0.810,0.294,2.604,-2,-12,15
919.621,-0.810,0.294,2.598,0,-13,16
919.672,-0.810,0.294,2.619,0,-13,15
919.723,-0.771,0.362,2.619,0,-15,15
919.774,-0.771,0.362,2.589,1,-14,15
919.825,-0.771,0.362,2.611,0,-14,15
919.876,-0.771,0.362,2.603,0,-15,15
919.929,-0.771,0.362,2.601,0,-15,15
919.980,-0.713,0.411,2.601,2,-14,14
920.031,-0.713,0.411,2.593,4,-15,14
920.082,-0.713,0.411,2.588,5,-15,14
920.133,-0.713,0.411,2.559,4,-15,13
920.184,-0.713,0.411,2.559,4,-15,13
920.286,-0.642,0.444,2.570,3,-16,13
920.338,-0.642,0.444,2.569,10,-15,11
920.389,-0.642,0.444,2.532,13,-15,9
920.440,-0.642,0.444,2.532,13,-15,9
920.542,-0.642,0.444,2.491,13,-15,8
920.593,-0.564,0.473,2.456,14,-15,7
920.644,-0.564,0.473,2.462,14,-16,8
920.695,-0.564,0.473,2.462,14,-15,7
920.746,-0.564,0.473,2.416,13,-16,8
920.797,-0.564,0.473,2.428,13,-15,8
920.848,-0.497,0.502,2.400,14,-16,7
920.899,-0.497,0.502,2.400,14,-15,8
920.950,-0.497,0.502,2.368,13,-16,7
921.001,-0.497,0.502,2.356,6,-15,10
921.052,-0.497,0.502,2.357,-3,-16,11
921.104,-0.497,0.502,2.358,-12,-13,14
921.155,-0.441,0.575,2.358,-15,-11,14
921.206,-0.441,0.575,2.379,-15,-10,15
921.257,-0.441,0.575,2.416,-15,-9,15
921.308,-0.441,0.575,2.432,-16,-7,15
921.359,-0.441,0.575,2.432,-16,-7,15
921.410,-0.441,0.575,2.426,-16,-7,16
921.461,-0.390,0.650,2.442,-16,-7,15
921.512,-0.390,0.650,2.457,-16,-7,15
921.563,-0.390,0.650,2.469,-16,-7,16
921.614,-0.390,0.650,2.469,-15,-6,15
921.665,-0.390,0.650,2.489,-16,-6,16
921.716,-0.332,0.704,2.479,-16,-6,15
921.767,-0.332,0.704,2.478,-16,-6,16
921.818,-0.332,0.704,2.478,-16,-6,15
921.869,-0.332,0.704,2.490,-16,-6,15
921.920,-0.332,0.704,2.499,-16,-6,16
921.971,-0.332,0.704,2.526,-16,-5,16
922.022,-0.266,0.756,2.489,-16,-7,15
922.073,-0.266,0.756,2.489,-16,-6,16
922.124,-0.266,0.756,2.516,-16,-6,15
922.175,-0.266,0.756,2.515,-16,-7,16
922.226,-0.266,0.756,2.529,-16,-6,16
922.277,-0.266,0.756,2.550,-16,-6,16
922.328,-0.185,0.758,2.550,-16,-6,16
922.379,-0.185,0.758,2.542,-16,-6,16
922.430,-0.185,0.758,2.561,-16,-6,16
922.481,-0.185,0.758,2.569,-16,-7,15
922.532,-0.185,0.758,2.569,-16,-6,16
922.583,-0.096,0.742,2.593,-16,-5,16
922.634,-0.096,0.742,2.609,-16,-6,16
922.685,-0.096,0.742,2.619,-16,-6,16
922.736,-0.096,0.742,2.641,-16,-6,16
922.787,-0.096,0.742,2.641,-16,-6,16
922.838,-0.096,0.742,2.670,-16,-6,16
922.889,-0.007,0.732,2.698,-16,-7,16
922.940,-0.007,0.732,2.701,-17,-6,16
922.991,-0.007,0.732,2.701,-16,-5,16
923.093,-0.007,0.732,2.731,-16,-6,16
923.144,0.085,0.726,2.748,-16,-6,16
923.195,0.085,0.726,2.777,-16,-6,16
923.246,0.085,0.726,2.777,-16,-6,16
923.297,0.085,0.726,2.800,-16,-6,16
923.349,0.085,0.726,2.813,-17,0,17
923.401,0.085,0.726,2.818,-15,10,15
923.452,0.182,0.730,2.791,-16,10,15
923.503,0.182,0.730,2.791,-16,11,13
923.554,0.182,0.730,2.754,-16,11,12
923.605,0.182,0.730,2.737,-16,11,11
923.656,0.182,0.730,2.725,-16,10,10
923.707,0.182,0.730,2.725,-17,10,10
923.758,0.278,0.743,2.702,-16,10,10
923.809,0.278,0.743,2.711,-16,9,9
923.860,0.278,0.743,2.688,-16,9,9
923.911,0.278,0.743,2.693,-16,9,9
923.962,0.278,0.743,2.693,-16,9,8
924.013,0.375,0.744,2.688,-17,9,8
924.117,0.375,0.744,2.699,-17,13,-1
924.220,0.375,0.744,2.729,-17,14,-6
924.271,0.375,0.744,2.747,-16,15,-9
924.322,0.455,0.731,2.790,-16,15,-8
924.373,0.455,0.731,2.820,-16,15,-8
924.424,0.455,0.731,2.820,-16,15,-8
924.475,0.455,0.731,2.844,-16,16,-8
924.526,0.455,0.731,2.870,-16,15,-7
924.577,0.455,0.731,2.897,-16,15,-6
924.628,0.530,0.691,2.946,-17,15,-7
924.679,0.530,0.691,2.946,-16,16,-6
924.730,0.530,0.691,2.951,-16,15,-8
924.781,0.530,0.691,2.990,-16,16,-6
924.832,0.530,0.691,3.012,-16,15,-6
924.883,0.587,0.622,3.012,-16,16,-7
924.934,0.587,0.622,3.048,-16,15,-5
924.985,0.587,0.622,3.092,-16,16,-7
925.036,0.587,0.622,3.105,-16,15,-6
925.087,0.587,0.622,3.132,-16,15,-5
925.138,0.587,0.622,3.132,-17,16,-6
925.189,0.631,0.540,3.146,-16,16,-6
925.240,0.631,0.540,3.172,-16,15,-6
925.291,0.631,0.540,3.192,-16,16,-6
925.342,0.631,0.540,3.192,-16,16,-6
925.393,0.631,0.540,3.245,-16,15,-6
925.444,0.671,0.452,3.265,-16,16,-6
925.495,0.671,0.452,3.283,-16,16,-6
925.546,0.671,0.452,3.319,-17,15,-5
925.597,0.671,0.452,3.319,-16,16,-6
925.648,0.671,0.452,3.362,-16,16,-6
925.699,0.671,0.452,3.386,-16,15,-7
925.750,0.709,0.363,3.412,-16,16,-6
925.801,0.709,0.363,3.412,-17,16,-6
925.852,0.709,0.363,3.446,-16,16,-6
925.903,0.709,0.363,3.480,-16,16,-6
926.005,0.709,0.363,3.534,-15,15,-9
926.056,0.756,0.280,3.534,-14,16,-11
926.109,0.756,0.280,3.561,-13,16,-11
926.160,0.756,0.280,3.603,-3,16,-13
926.211,0.756,0.280,3.626,2,16,-13
926.262,0.756,0.280,3.609,0,15,-13
926.313,0.815,0.202,3.609,0,15,-14
926.364,0.815,0.202,3.631,0,16,-14
926.415,0.815,0.202,3.615,1,15,-14
926.466,0.815,0.202,3.609,0,15,-14
926.517,0.815,0.202,3.609,0,15,-15
926.568,0.815,0.202,3.614,0,16,-14
926.619,0.879,0.124,3.613,0,15,-14
926.721,0.879,0.124,3.613,-1,15,-14
926.772,0.879,0.124,3.613,0,15,-14
926.823,0.879,0.124,3.604,0,15,-14
926.874,0.879,0.124,3.610,0,15,-14
926.925,0.927,0.045,3.601,0,15,-14
926.976,0.927,0.045,3.601,0,15,-14
927.027,0.927,0.045,3.582,0,15,-14
927.078,0.927,0.045,3.603,0,15,-14
927.129,0.927,0.045,3.586,0,15,-14
927.180,0.963,-0.036,3.584,0,14,-14
927.231,0.963,-0.036,3.584,0,15,-14
927.282,0.963,-0.036,3.586,0,15,-14
927.333,0.963,-0.036,3.607,0,14,-14
927.384,0.963,-0.036,3.582,0,15,-14
927.435,0.963,-0.036,3.582,0,15,-14
927.486,0.982,-0.122,3.594,0,14,-14
927.537,0.982,-0.122,3.565,0,15,-14
927.588,0.982,-0.122,3.580,0,14,-14
927.639,0.982,-0.122,3.571,0,15,-14
927.690,0.982,-0.122,3.571,0,14,-14
927.741,0.982,-0.122,3.575,0,14,-14
927.792,0.992,-0.210,3.557,0,15,-14
927.843,0.992,-0.210,3.559,0,14,-15
927.894,0.992,-0.210,3.559,0,15,-14
927.945,0.992,-0.210,3.559,0,14,-14
927.996,0.992,-0.210,3.565,0,15,-14
928.047,1.001,-0.298,3.563,3,14,-14
928.099,1.001,-0.298,3.533,9,13,-15
928.151,1.001,-0.298,3.533,14,8,-15
928.202,1.001,-0.298,3.499,14,5,-15
928.253,1.001,-0.298,3.479,15,5,-15
928.304,1.001,-0.298,3.467,16,6,-16
928.355,1.010,-0.385,3.445,16,6,-15
928.406,1.010,-0.385,3.445,15,7,-15
928.457,1.010,-0.385,3.424,16,6,-16
928.508,1.010,-0.385,3.400,15,7,-16
928.560,1.010,-0.385,3.391,16,2,-15
928.612,1.000,-0.467,3.392,16,-3,-17
928.664,1.000,-0.467,3.392,15,-6,-16
928.767,1.000,-0.467,3.420,16,-9,-14
928.819,1.000,-0.467,3.442,16,-11,-11
928.870,1.000,-0.467,3.442,15,-10,-10
928.921,0.977,-0.543,3.451,16,-11,-9
928.972,0.977,-0.543,3.456,16,-10,-9
929.023,0.977,-0.543,3.460,16,-10,-8
929.126,0.977,-0.543,3.452,16,0,-12
929.177,0.977,-0.543,3.452,16,6,-14
929.228,0.925,-0.603,3.417,16,7,-14
929.279,0.925,-0.603,3.386,16,8,-15
929.330,0.925,-0.603,3.386,15,9,-15
929.381,0.925,-0.603,3.348,16,8,-16
929.432,0.925,-0.603,3.298,16,8,-16
929.484,0.849,-0.644,3.245,16,9,-15
929.535,0.849,-0.644,3.204,15,8,-16
929.586,0.849,-0.644,3.204,16,9,-16
929.637,0.849,-0.644,3.146,15,8,-15
929.688,0.849,-0.644,3.110,15,8,-16
929.739,0.849,-0.644,3.073,15,9,-16
929.790,0.773,-0.684,3.029,15,7,-15
929.841,0.773,-0.684,3.029,15,6,-16
929.892,0.773,-0.684,2.996,16,5,-16
929.943,0.773,-0.684,2.959,16,6,-16
929.994,0.773,-0.684,2.940,15,6,-16
930.045,0.773,-0.684,2.940,16,6,-16
930.096,0.692,-0.724,2.882,16,5,-16
930.148,0.692,-0.724,2.863,16,2,-16
930.199,0.692,-0.724,2.850,15,0,-16
930.251,0.692,-0.724,2.837,16,-1,-16
930.353,0.619,-0.772,2.821,16,2,-16
930.405,0.619,-0.772,2.823,16,4,-16
930.456,0.619,-0.772,2.792,16,5,-16
930.507,0.619,-0.772,2.744,16,7,-16
930.558,0.619,-0.772,2.744,15,7,-16
930.609,0.619,-0.772,2.734,16,7,-16
930.660,0.545,-0.823,2.685,16,6,-16
930.711,0.545,-0.823,2.651,16,7,-16
930.763,0.545,-0.823,2.651,16,-8,-15
930.814,0.545,-0.823,2.651,15,-12,-14
930.865,0.545,-0.823,2.671,16,-10,-13
930.916,0.456,-0.869,2.676,15,-13,1
930.967,0.456,-0.869,2.679,16,-15,7
931.018,0.456,-0.869,2.679,17,-15,5
931.069,0.456,-0.869,2.639,16,-15,7
931.120,0.456,-0.869,2.606,16,-15,8
931.171,0.456,-0.869,2.580,16,-15,7
931.222,0.358,-0.902,2.580,16,-16,7
931.273,0.358,-0.902,2.569,17,-15,6
931.324,0.358,-0.902,2.523,16,-15,7
931.375,0.358,-0.902,2.507,16,-16,7
931.426,0.358,-0.902,2.478,16,-16,5
931.477,0.358,-0.902,2.478,16,-15,7
931.528,0.280,-0.901,2.455,16,-16,6
931.579,0.280,-0.901,2.427,16,-15,6
931.630,0.280,-0.901,2.394,16,-16,7
931.681,0.280,-0.901,2.394,16,-15,-7
931.732,0.280,-0.901,2.401,15,-14,-12
931.783,0.217,-0.870,2.427,16,-14,-9
931.834,0.217,-0.870,2.438,16,-11,-10
931.885,0.217,-0.870,2.475,16,-11,-10
931.936,0.217,-0.870,2.475,16,-11,-11
931.987,0.217,-0.870,2.487,16,-10,-9
932.038,0.217,-0.870,2.514,16,-9,-10
932.089,0.177,-0.805,2.526,16,-10,-9
932.140,0.177,-0.805,2.536,16,-9,-9
932.191,0.177,-0.805,2.536,16,-9,-9
932.242,0.177,-0.805,2.545,17,-9,-9
932.293,0.177,-0.805,2.557,16,-8,-8
932.395,0.141,-0.725,2.570,16,-8,-8
932.446,0.141,-0.725,2.566,16,-8,-10
932.498,0.141,-0.725,2.581,16,-5,-10
932.550,0.141,-0.725,2.593,17,-1,-12
932.602,0.141,-0.725,2.571,16,2,-14
932.654,0.085,-0.658,2.571,17,4,-15
932.705,0.085,-0.658,2.566,16,4,-15
932.757,0.085,-0.658,2.534,16,4,-15
932.808,0.085,-0.658,2.551,16,5,-16
932.860,0.085,-0.658,2.539,16,3,-15
932.911,0.085,-0.658,2.539,17,4,-16
932.962,0.014,-0.608,2.527,16,5,-15
933.013,0.014,-0.608,2.522,16,5,-16
933.064,0.014,-0.608,2.509,16,3,-15
933.115,0.014,-0.608,2.509,16,4,-16
933.166,0.014,-0.608,2.492,16,3,-16
933.217,-0.072,-0.585,2.514,16,4,-15
933.268,-0.072,-0.585,2.497,16,4,-16
933.319,-0.072,-0.585,2.509,16,5,-15
933.370,-0.072,-0.585,2.509,16,7,-15
933.421,-0.072,-0.585,2.478,16,8,-16
933.472,-0.072,-0.585,2.483,16,7,-16
933.523,-0.159,-0.576,2.471,17,7,-16
933.574,-0.159,-0.576,2.471,15,7,-16
933.625,-0.159,-0.576,2.452,17,7,-16
933.676,-0.159,-0.576,2.484,16,6,-16
933.727,-0.159,-0.576,2.503,16,6,-15
933.778,-0.159,-0.576,2.508,16,6,-16
933.829,-0.250,-0.576,2.508,16,6,-16
933.881,-0.250,-0.576,2.496,16,-7,-15
933.932,-0.250,-0.576,2.548,16,-14,-3
933.983,-0.250,-0.576,2.576,16,-14,5
934.034,-0.250,-0.576,2.543,17,-14,6
934.085,-0.340,-0.576,2.543,16,-15,6
934.136,-0.340,-0.576,2.502,16,-15,6
934.187,-0.340,-0.576,2.512,16,-16,7
934.238,-0.340,-0.576,2.452,17,-15,6
934.289,-0.340,-0.576,2.452,16,-16,6
934.340,-0.340,-0.576,2.446,16,-15,7
934.391,-0.423,-0.572,2.406,16,-16,6
934.442,-0.423,-0.572,2.399,17,-16,6
934.493,-0.423,-0.572,2.372,16,-15,7
934.544,-0.423,-0.572,2.372,16,-16,5
934.595,-0.423,-0.572,2.344,17,-16,6
934.646,-0.423,-0.572,2.333,16,-15,6
934.697,-0.480,-0.541,2.333,16,-16,6
934.748,-0.480,-0.541,2.333,16,-15,6
934.799,-0.480,-0.541,2.292,17,-16,6
934.850,-0.480,-0.541,2.269,16,-16,6
934.901,-0.480,-0.541,2.237,16,-16,6
934.952,-0.508,-0.488,2.212,16,-16,5
935.003,-0.508,-0.488,2.212,17,-16,7
935.054,-0.508,-0.488,2.197,5,-15,10
935.106,-0.508,-0.488,2.182,0,-5,0
935.157,-0.508,-0.488,2.211,0,2,-2
935.208,-0.508,-0.488,2.211,-8,0,6
935.259,-0.509,-0.417,2.219,-13,4,9
935.310,-0.509,-0.417,2.182,-13,7,9
935.361,-0.509,-0.417,2.172,-14,8,9
935.412,-0.509,-0.417,2.124,-15,9,9
935.463,-0.509,-0.417,2.124,-15,8,10
935.514,-0.509,-0.417,2.116,-15,8,9
935.565,-0.485,-0.331,2.070,-16,8,8
935.616,-0.485,-0.331,2.071,-15,8,9
935.667,-0.485,-0.331,2.042,-16,8,9
935.718,-0.485,-0.331,2.042,-15,8,8
935.769,-0.485,-0.331,2.017,-15,9,8
935.820,-0.457,-0.287,2.014,-16,8,9
935.871,-0.457,-0.287,2.005,-15,8,8
935.922,-0.457,-0.287,2.005,-16,8,9
935.973,-0.457,-0.287,1.966,-15,8,8
936.024,-0.457,-0.287,1.960,-16,8,8
936.075,-0.457,-0.287,1.927,-15,9,8
936.126,-0.426,-0.285,1.932,-16,8,8
936.177,-0.426,-0.285,1.932,-15,8,9
936.228,-0.426,-0.285,1.914,-16,8,7
936.279,-0.426,-0.285,1.879,-16,8,9
936.330,-0.426,-0.285,1.876,-15,8,8
936.381,-0.393,-0.328,1.876,-16,12,-2
936.433,-0.393,-0.328,1.886,-16,14,-7
936.484,-0.393,-0.328,1.897,-16,14,-7
936.535,-0.393,-0.328,1.929,-16,15,-7
936.586,-0.393,-0.328,1.977,-15,15,-7
936.637,-0.393,-0.328,1.977,-16,15,-8
936.688,-0.362,-0.405,1.987,-16,14,-6
936.739,-0.362,-0.405,2.036,-15,16,-7
936.790,-0.362,-0.405,2.047,-16,15,-7
936.841,-0.362,-0.405,2.047,-16,15,-7
936.892,-0.362,-0.405,2.076,-16,16,-6
936.943,-0.362,-0.405,2.105,-15,15,-5
937.045,-0.349,-0.485,2.155,-16,15,-5
937.096,-0.349,-0.485,2.155,-16,16,-5
937.147,-0.349,-0.485,2.169,-15,15,-6
937.198,-0.349,-0.485,2.182,-16,15,-5
937.249,-0.350,-0.572,2.200,-16,16,-6
937.301,-0.350,-0.572,2.234,-16,16,-7
937.352,-0.350,-0.572,2.234,-16,15,-6
937.403,-0.350,-0.572,2.252,-16,16,-6
937.454,-0.350,-0.572,2.300,-16,15,-6
937.556,-0.367,-0.656,2.323,-16,16,-5
937.660,-0.367,-0.656,2.366,-16,16,1
937.711,-0.367,-0.656,2.355,-16,15,4
937.762,-0.367,-0.656,2.336,-15,15,8
937.813,-0.367,-0.656,2.336,-16,14,10
937.864,-0.398,-0.744,2.307,-16,12,11
937.915,-0.398,-0.744,2.268,-16,11,10
937.966,-0.398,-0.744,2.249,-16,11,11
938.018,-0.398,-0.744,2.216,-16,-5,12
938.069,-0.398,-0.744,2.216,-16,-10,14
938.120,-0.414,-0.834,2.221,-17,-6,15
938.171,-0.414,-0.834,2.244,-16,-8,15
938.222,-0.414,-0.834,2.243,-16,-7,16
938.273,-0.414,-0.834,2.243,-16,-7,15
938.324,-0.414,-0.834,2.253,-16,-8,16
938.375,-0.414,-0.834,2.263,-16,-6,15
938.426,-0.406,-0.919,2.295,-16,-7,16
938.477,-0.406,-0.919,2.289,-16,-7,15
938.528,-0.406,-0.919,2.289,-16,-6,16
938.579,-0.406,-0.919,2.319,-17,-7,15
938.630,-0.406,-0.919,2.330,-16,-7,16
938.681,-0.406,-0.919,2.340,-16,-12,11
938.732,-0.365,-0.990,2.340,-17,-15,9
938.783,-0.365,-0.990,2.426,-15,-7,13
938.834,-0.365,-0.990,2.459,-16,-6,15
938.885,-0.365,-0.990,2.459,-16,-6,15
938.936,-0.365,-0.990,2.466,-16,-7,16
938.987,-0.296,-1.040,2.466,-17,-7,15
939.038,-0.296,-1.040,2.493,-16,-7,16
939.089,-0.296,-1.040,2.517,-16,-11,11
939.191,-0.296,-1.040,2.593,-16,-15,8
939.242,-0.296,-1.040,2.650,-16,-15,9
939.293,-0.213,-1.061,2.728,-16,-15,7
939.344,-0.213,-1.061,2.780,-17,-15,8
939.395,-0.213,-1.061,2.860,-16,-10,12
939.447,-0.213,-1.061,2.860,-5,-12,15
939.498,-0.213,-1.061,2.867,-1,-12,14
939.549,-0.129,-1.053,2.873,-2,-14,15
939.600,-0.129,-1.053,2.865,-3,-15,15
939.651,-0.129,-1.053,2.863,-1,-14,14
939.702,-0.129,-1.053,2.863,0,-15,15
939.753,-0.129,-1.053,2.872,0,-15,14
939.804,-0.129,-1.053,2.864,0,-14,15
939.855,-0.062,-1.026,2.863,0,-15,14
939.906,-0.062,-1.026,2.863,0,-15,15
939.957,-0.062,-1.026,2.866,0,-14,14
940.008,-0.062,-1.026,2.871,1,-15,14
940.059,-0.062,-1.026,2.859,0,-14,14
940.110,-0.062,-1.026,2.862,0,-15,15
940.161,-0.012,-0.977,2.862,0,-14,14
940.212,-0.012,-0.977,2.857,0,-15,14
940.263,-0.012,-0.977,2.862,0,-14,15
940.314,-0.012,-0.977,2.855,0,-15,14
940.365,-0.012,-0.977,2.855,0,-14,14
940.416,0.020,-0.911,2.829,0,-14,15
940.467,0.020,-0.911,2.865,0,-15,14
940.518,0.020,-0.911,2.855,0,-14,14
940.569,0.020,-0.911,2.873,0,-15,14
940.620,0.020,-0.911,2.873,0,-14,15
940.671,0.020,-0.911,2.861,0,-15,14
940.723,0.038,-0.833,2.868,10,-14,11
940.774,0.038,-0.833,2.845,13,-15,8
940.825,0.038,-0.833,2.844,15,-15,7
940.876,0.038,-0.833,2.853,14,-15,5
940.927,0.038,-0.833,2.823,16,-15,6
940.978,0.038,-0.833,2.813,15,-15,5
941.029,0.049,-0.750,2.798,16,-15,6
941.080,0.049,-0.750,2.798,16,-15,6
941.131,0.049,-0.750,2.773,14,-15,8
941.182,0.049,-0.750,2.755,1,-15,11
941.233,0.049,-0.750,2.761,-1,-15,13
941.284,0.048,-0.666,2.764,1,-15,13
941.335,0.048,-0.666,2.764,0,-15,14
941.386,0.048,-0.666,2.751,-2,-15,14
941.437,0.048,-0.666,2.763,0,-14,14
941.488,0.048,-0.666,2.776,1,-15,14
941.539,0.048,-0.666,2.776,0,-14,15
941.590,0.037,-0.583,2.773,0,-15,14
941.641,0.037,-0.583,2.798,0,-14,14
941.692,0.037,-0.583,2.801,-1,-15,14
941.743,0.037,-0.583,2.800,0,-14,14
941.794,0.037,-0.583,2.800,0,-15,14
941.845,0.037,-0.583,2.813,0,-14,14
941.896,0.029,-0.500,2.807,5,-15,14
941.948,0.029,-0.500,2.805,12,-14,10
941.999,0.029,-0.500,2.805,13,-15,8
942.050,0.029,-0.500,2.779,15,-16,7
942.101,0.029,-0.500,2.780,14,-14,7
942.152,0.024,-0.418,2.750,15,-16,7
942.203,0.024,-0.418,2.738,15,-15,6
942.254,0.024,-0.418,2.738,15,-16,8
942.306,0.024,-0.418,2.712,1,-15,11
942.357,0.024,-0.418,2.724,1,-15,12
942.408,0.024,-0.418,2.733,0,-15,13
942.459,0.022,-0.334,2.748,0,-15,14
942.510,0.022,-0.334,2.748,1,-15,15
942.561,0.022,-0.334,2.753,1,-14,14
942.612,0.022,-0.334,2.750,0,-15,14
942.663,0.022,-0.334,2.749,6,-15,13
942.714,0.024,-0.250,2.749,13,-15,8
942.765,0.024,-0.250,2.765,15,-15,4
942.817,0.024,-0.250,2.760,14,-15,-5
942.868,0.024,-0.250,2.791,14,-13,-10
942.970,0.024,-0.250,2.807,15,-8,-9
943.021,0.028,-0.165,2.833,12,-4,-5
943.073,0.028,-0.165,2.804,10,-2,-3
943.124,0.028,-0.165,2.790,0,1,0
943.175,0.028,-0.165,2.790,-1,1,1
943.226,0.028,-0.165,2.789,2,0,1
943.277,0.028,-0.165,2.783,-1,0,0
943.328,0.012,-0.087,2.790,0,-1,0
943.379,0.012,-0.087,2.780,0,0,0
943.430,0.012,-0.087,2.780,0,0,-1
943.481,0.012,-0.087,2.787,0,0,0
943.532,0.012,-0.087,2.787,0,0,0
943.584,-0.003,-0.028,2.775,0,-5,6
943.636,-0.003,-0.028,2.790,2,-8,7
943.687,-0.003,-0.028,2.790,0,-1,0
943.738,-0.003,-0.028,2.785,0,0,0
943.789,-0.003,-0.028,2.772,0,-1,1
943.840,-0.003,-0.028,2.775,0,0,0
943.891,-0.015,0.008,2.775,0,1,0
943.942,-0.015,0.008,2.787,0,0,0
943.993,-0.015,0.008,2.773,-1,0,0
944.044,-0.015,0.008,2.809,-10,-10,-11
944.095,-0.015,0.008,2.901,0,-1,-1
944.146,-0.015,0.008,2.901,0,3,1
944.197,-0.034,0.027,2.883,-3,-4,0
944.248,-0.034,0.027,2.911,-1,-2,0
944.299,-0.034,0.027,2.894,0,1,0
944.350,-0.034,0.027,2.894,1,2,1
944.401,-0.034,0.027,2.896,0,-1,0
944.452,-0.039,0.032,2.894,0,0,0
944.503,-0.039,0.032,2.882,-1,-9,9
944.554,-0.039,0.032,2.910,0,-13,14
944.605,-0.039,0.032,2.910,0,-1,1
944.656,-0.039,0.032,2.929,0,-2,2
944.707,-0.039,0.032,2.960,0,-1,1
944.758,-0.040,0.034,2.934,0,1,-2
944.809,-0.040,0.034,2.934,0,2,0
944.860,-0.040,0.034,2.934,0,-1,1
944.911,-0.040,0.034,2.946,0,0,0
944.962,-0.040,0.034,2.941,0,0,0
945.013,-0.044,0.041,2.957,0,0,0
945.064,-0.044,0.041,2.957,0,0,0
945.115,-0.044,0.041,2.943,0,1,0
945.166,-0.044,0.041,2.941,0,0,0
945.217,-0.044,0.041,2.937,0,0,-1
945.268,-0.044,0.041,2.948,0,0,0
945.319,-0.048,0.045,2.948,0,0,0
945.370,-0.048,0.045,2.943,0,0,0
945.421,-0.048,0.045,2.933,0,0,0
945.472,-0.048,0.045,2.938,0,0,0
945.523,-0.048,0.045,2.938,0,0,0
945.574,-0.048,0.045,2.939,0,0,0
945.625,-0.051,0.050,2.934,0,0,0
945.676,-0.051,0.050,2.946,0,0,0
945.727,-0.051,0.050,2.952,1,0,0
945.778,-0.051,0.050,2.952,0,0,0
945.829,-0.051,0.050,2.922,0,0,0
945.880,-0.053,0.053,2.941,0,0,0
945.931,-0.053,0.053,2.932,0,0,0
945.982,-0.053,0.053,2.932,0,0,0
946.033,-0.053,0.053,2.933,0,0,0
946.084,-0.053,0.053,2.938,0,0,0
946.135,-0.053,0.053,2.934,0,0,0
946.186,-0.052,0.053,2.922,0,0,0
946.237,-0.052,0.053,2.922,0,-1,0
946.288,-0.052,0.053,2.931,0,0,0
946.339,-0.052,0.053,2.947,0,0,0
946.390,-0.052,0.053,2.941,0,0,0
946.441,-0.052,0.053,2.941,0,0,0
946.492,-0.052,0.053,2.956,0,0,0
946.543,-0.052,0.053,2.948,0,0,0
946.594,-0.052,0.053,2.947,0,0,0
946.645,-0.052,0.053,2.957,0,0,0
946.696,-0.052,0.053,2.957,0,0,0
946.747,-0.052,0.053,2.934,0,0,0
946.798,-0.052,0.053,2.943,0,0,0
946.849,-0.052,0.053,2.938,0,0,0
946.900,-0.052,0.053,2.933,0,0,0
946.951,-0.052,0.053,2.933,0,0,0
947.002,-0.052,0.053,2.941,0,0,0
947.053,-0.051,0.054,2.939,0,0,0
947.104,-0.051,0.054,2.941,0,0,0
947.155,-0.051,0.054,2.941,0,0,0
947.206,-0.051,0.054,2.943,0,0,0
947.257,-0.051,0.054,2.934,0,0,0
947.308,-0.051,0.054,2.939,0,0,0
947.359,-0.050,0.054,2.929,0,0,0
947.410,-0.050,0.054,2.929,0,0,0
947.461,-0.050,0.054,2.931,0,0,0
947.512,-0.050,0.054,2.950,0,0,0
947.563,-0.050,0.054,2.929,0,0,0
947.614,-0.050,0.054,2.929,0,0,0
947.665,-0.050,0.054,2.943,0,0,0
947.716,-0.050,0.054,2.938,0,0,0
947.767,-0.050,0.054,2.945,0,0,0
947.818,-0.050,0.054,2.938,0,0,0
947.869,-0.050,0.054,2.938,0,0,0
947.920,-0.050,0.055,2.948,0,0,0
947.971,-0.050,0.055,2.938,0,0,0
948.022,-0.050,0.055,2.934,0,0,0
948.073,-0.050,0.055,2.934,0,0,0
948.124,-0.050,0.055,2.941,0,0,0
948.175,-0.050,0.055,2.938,0,0,0
948.226,-0.049,0.055,2.938,0,0,0
948.277,-0.049,0.055,2.934,0,0,0
948.328,-0.049,0.055,2.934,0,0,0
948.379,-0.049,0.055,2.934,0,0,0
948.430,-0.049,0.055,2.950,0,0,0
948.481,-0.049,0.054,2.941,0,0,0
948.532,-0.049,0.054,2.934,0,0,0
948.583,-0.049,0.054,2.934,0,0,0
948.634,-0.049,0.054,2.936,0,0,0
948.685,-0.049,0.054,2.939,0,0,0
948.736,-0.049,0.054,2.952,0,0,0
948.787,-0.049,0.054,2.952,0,0,0
948.838,-0.049,0.054,2.929,0,0,0
948.889,-0.049,0.054,2.937,0,0,0
948.940,-0.049,0.054,2.938,0,0,0
948.991,-0.049,0.054,2.929,0,0,0
949.042,-0.048,0.054,2.929,0,0,0
949.093,-0.048,0.054,2.934,0,0,0
949.144,-0.048,0.054,2.934,0,0,0
949.195,-0.048,0.054,2.941,0,0,0
949.246,-0.048,0.054,2.941,0,0,0
949.297,-0.048,0.054,2.933,0,0,0
949.348,-0.049,0.054,2.950,0,0,0
949.399,-0.049,0.054,2.936,0,0,0
949.450,-0.049,0.054,2.936,0,0,0
949.501,-0.049,0.054,2.936,0,0,0
949.552,-0.049,0.054,2.936,0,0,1
949.603,-0.049,0.054,2.945,0,0,0
949.654,-0.049,0.054,2.941,0,0,0
949.705,-0.049,0.054,2.941,0,0,0
949.756,-0.049,0.054,2.946,0,0,0
949.807,-0.049,0.054,2.934,0,0,0
949.858,-0.049,0.054,2.933,0,0,0
949.909,-0.048,0.054,2.931,0,0,0
949.960,-0.048,0.054,2.931,0,0,0
950.011,-0.048,0.054,2.931,0,0,0
950.062,-0.048,0.054,2.952,0,0,0
950.113,-0.048,0.054,2.929,0,0,0
950.164,-0.048,0.054,2.938,0,0,0
950.215,-0.048,0.054,2.938,0,0,0
950.266,-0.048,0.054,2.938,0,0,0
950.317,-0.048,0.054,2.938,0,0,0
950.368,-0.048,0.054,2.941,0,0,0
950.419,-0.048,0.054,2.941,0,0,0
950.470,-0.048,0.054,2.934,0,0,0
950.521,-0.047,0.054,2.941,0,0,0
950.572,-0.047,0.054,2.933,0,0,0
950.623,-0.047,0.054,2.936,0,0,0
950.674,-0.047,0.054,2.936,0,0,0
950.725,-0.047,0.054,2.936,0,0,0
950.776,-0.046,0.055,2.940,0,0,0
950.827,-0.046,0.055,2.929,0,0,0
950.878,-0.046,0.055,2.929,0,0,0
950.929,-0.046,0.055,2.941,0,0,0
950.980,-0.046,0.055,2.945,0,0,0
951.031,-0.046,0.055,2.941,0,0,0
951.082,-0.047,0.055,2.938,0,0,0
951.133,-0.047,0.055,2.938,0,0,0
951.184,-0.047,0.055,2.932,0,0,0
951.235,-0.047,0.055,2.927,0,0,0
951.286,-0.047,0.055,2.936,0,0,0
951.337,-0.047,0.055,2.936,0,0,0
951.388,-0.048,0.055,2.950,0,0,0
951.439,-0.048,0.055,2.941,0,0,0
951.490,-0.048,0.055,2.938,0,0,0
951.541,-0.048,0.055,2.934,0,0,0
951.592,-0.048,0.055,2.934,0,0,0
951.643,-0.048,0.055,2.938,0,0,0
951.694,-0.048,0.055,2.932,0,0,0
951.745,-0.048,0.055,2.943,0,0,0
951.796,-0.048,0.055,2.943,0,0,0
951.847,-0.048,0.055,2.943,0,0,0
951.898,-0.048,0.055,2.946,0,0,0
951.949,-0.048,0.055,2.943,0,0,0
952.000,-0.048,0.055,2.936,0,0,0
952.051,-0.048,0.055,2.936,0,0,0
952.102,-0.048,0.055,2.940,0,0,0
952.153,-0.048,0.055,2.943,0,0,0
952.204,-0.048,0.055,2.934,0,0,0
952.255,-0.047,0.055,2.932,0,0,0
952.306,-0.047,0.055,2.932,0,0,0
952.357,-0.047,0.055,2.938,0,0,0
952.408,-0.047,0.055,2.946,0,0,0
952.459,-0.047,0.055,2.957,0,0,0
952.510,-0.046,0.055,2.957,0,0,0
952.561,-0.046,0.055,2.929,0,0,0
952.612,-0.046,0.055,2.932,0,0,0
952.663,-0.046,0.055,2.948,0,0,0
952.714,-0.046,0.055,2.946,0,0,0
952.765,-0.046,0.055,2.946,0,0,0
952.816,-0.045,0.055,2.932,0,0,0
952.867,-0.045,0.055,2.939,0,0,0
952.918,-0.045,0.055,2.936,0,0,0
952.969,-0.045,0.055,2.936,0,0,0
953.020,-0.045,0.055,2.941,0,0,0
953.071,-0.046,0.056,2.946,0,0,0
953.122,-0.046,0.056,2.936,0,0,0
953.173,-0.046,0.056,2.936,0,0,0
953.224,-0.046,0.056,2.936,0,0,0
953.275,-0.046,0.056,2.929,0,0,0
953.326,-0.046,0.056,2.929,0,0,0
953.377,-0.047,0.056,2.941,0,0,0
953.428,-0.047,0.056,2.941,0,0,0
953.479,-0.047,0.056,2.952,0,0,0
953.530,-0.047,0.056,2.934,0,0,0
953.581,-0.047,0.056,2.941,0,0,0
953.632,-0.047,0.056,2.929,0,1,0
953.683,-0.048,0.056,2.929,0,0,0
953.734,-0.048,0.056,2.941,0,0,0
953.785,-0.048,0.056,2.953,0,0,0
953.836,-0.048,0.056,2.943,0,0,0
953.887,-0.048,0.056,2.946,0,0,0
953.938,-0.048,0.056,2.946,0,0,1
953.989,-0.048,0.056,2.962,0,0,0
954.040,-0.048,0.056,2.931,0,0,0
954.091,-0.048,0.056,2.936,0,0,0
954.142,-0.048,0.056,2.936,0,0,0
954.193,-0.048,0.056,2.946,0,0,0
954.244,-0.048,0.055,2.934,0,0,0
954.295,-0.048,0.055,2.941,0,0,0
954.346,-0.048,0.055,2.932,0,0,0
954.397,-0.048,0.055,2.932,0,0,0
954.448,-0.048,0.055,2.922,0,0,0
954.499,-0.048,0.055,2.936,0,0,0
954.550,-0.047,0.055,2.924,0,0,0
954.601,-0.047,0.055,2.924,0,0,0
954.652,-0.047,0.055,2.934,0,0,0
954.703,-0.047,0.055,2.918,0,0,0
954.754,-0.047,0.055,2.920,0,0,0
954.805,-0.046,0.055,2.938,0,0,0
954.856,-0.046,0.055,2.938,0,0,0
954.907,-0.046,0.055,2.941,0,0,0
954.958,-0.046,0.055,2.929,0,0,0
955.009,-0.046,0.055,2.936,0,0,0
955.060,-0.046,0.055,2.936,0,0,0
955.111,-0.045,0.055,2.953,0,0,0
955.162,-0.045,0.055,2.941,0,0,0
955.213,-0.045,0.055,2.939,0,0,0
955.264,-0.045,0.055,2.922,0,0,0
955.315,-0.045,0.055,2.922,0,0,0
955.366,-0.045,0.055,2.925,0,0,0
955.417,-0.046,0.056,2.938,0,0,0
955.468,-0.046,0.056,2.931,0,0,0
955.519,-0.046,0.056,2.936,0,0,0
955.570,-0.046,0.056,2.936,0,0,0
955.621,-0.046,0.056,2.947,0,0,0
955.672,-0.045,0.056,2.927,0,0,0
955.723,-0.045,0.056,2.937,0,0,0
955.774,-0.045,0.056,2.937,0,0,0
955.825,-0.045,0.056,2.936,0,0,0
955.876,-0.045,0.056,2.936,0,0,0
955.927,-0.045,0.056,2.927,0,0,0
955.978,-0.047,0.056,2.958,0,0,0
956.029,-0.047,0.056,2.958,0,0,0
956.080,-0.047,0.056,2.944,0,0,0
956.131,-0.047,0.056,2.938,0,0,0
956.182,-0.047,0.056,2.939,0,0,0
956.233,-0.047,0.056,2.939,0,0,0
956.284,-0.048,0.057,2.938,0,0,0
956.335,-0.048,0.057,2.922,0,0,0
956.386,-0.048,0.057,2.929,0,0,0
956.437,-0.048,0.057,2.927,0,0,0
956.488,-0.048,0.057,2.927,0,0,0
956.539,-0.048,0.057,2.934,0,0,0
956.590,-0.048,0.057,2.941,0,0,0
956.641,-0.048,0.057,2.943,0,0,0
956.692,-0.048,0.057,2.943,0,0,0
956.743,-0.048,0.057,2.943,0,0,0
956.794,-0.048,0.057,2.936,0,0,0
956.845,-0.049,0.056,2.922,0,0,0
956.896,-0.049,0.056,2.943,0,0,0
956.947,-0.049,0.056,2.943,0,0,0
956.998,-0.049,0.056,2.936,0,0,0
957.049,-0.049,0.056,2.918,0,0,0
957.100,-0.048,0.056,2.934,0,0,0
957.151,-0.048,0.056,2.947,0,0,0
957.202,-0.048,0.056,2.950,0,0,0
957.253,-0.048,0.056,2.950,0,0,0
957.304,-0.048,0.056,2.929,0,0,0
957.355,-0.048,0.056,2.929,0,0,0
957.406,-0.047,0.056,2.929,0,0,0
957.457,-0.047,0.056,2.946,0,0,0
957.508,-0.047,0.056,2.938,0,0,0
957.559,-0.047,0.056,2.927,0,0,0
957.610,-0.047,0.056,2.937,0,0,0
957.661,-0.047,0.056,2.937,0,0,0
957.712,-0.047,0.055,2.934,0,0,0
957.763,-0.047,0.055,2.941,0,0,0
957.814,-0.047,0.055,2.922,0,0,0
957.865,-0.047,0.055,2.922,0,0,0
957.916,-0.047,0.055,2.941,0,0,0
957.967,-0.046,0.055,2.943,0,0,0
958.018,-0.046,0.055,2.929,0,0,0
958.069,-0.046,0.055,2.936,0,0,0
958.120,-0.046,0.055,2.936,0,0,0
958.171,-0.046,0.055,2.934,0,0,0
958.222,-0.046,0.055,2.941,0,0,0
958.273,-0.046,0.055,2.922,0,0,0
958.324,-0.046,0.055,2.922,0,0,0
958.375,-0.046,0.055,2.946,0,0,0
958.426,-0.046,0.055,2.939,0,0,0
958.477,-0.046,0.055,2.932,0,0,0
958.528,-0.046,0.055,2.934,0,0,0
958.579,-0.046,0.056,2.934,0,0,0
958.630,-0.046,0.056,2.932,0,0,0
958.681,-0.046,0.056,2.936,0,0,0
958.732,-0.046,0.056,2.936,0,0,0
958.783,-0.046,0.056,2.936,0,0,0
958.834,-0.045,0.056,2.944,0,0,0
958.885,-0.045,0.056,2.930,0,0,0
958.936,-0.045,0.056,2.929,0,0,0
958.987,-0.045,0.056,2.953,0,0,0
959.038,-0.045,0.056,2.953,0,0,0
959.089,-0.045,0.056,2.936,0,0,0
959.140,-0.045,0.056,2.934,0,0,0
959.191,-0.045,0.056,2.915,0,0,0
959.242,-0.045,0.056,2.932,0,0,0
959.293,-0.045,0.056,2.932,0,0,0
959.344,-0.045,0.056,2.941,0,0,0
959.395,-0.045,0.056,2.941,0,0,0
959.446,-0.046,0.056,2.929,0,0,0
959.497,-0.046,0.056,2.929,0,0,0
959.548,-0.046,0.056,2.929,0,0,0
959.599,-0.046,0.056,2.934,0,0,0
959.650,-0.046,0.056,2.934,0,0,0
959.701,-0.046,0.056,2.920,0,0,0
959.752,-0.046,0.056,2.920,0,0,0
959.803,-0.046,0.056,2.927,0,0,0
959.854,-0.046,0.056,2.948,0,0,0
959.905,-0.046,0.056,2.932,0,0,0
959.956,-0.046,0.056,2.932,0,0,0
960.007,-0.046,0.056,2.934,-1,0,0
960.058,-0.046,0.056,2.929,0,0,0
960.109,-0.046,0.056,2.936,0,0,0
960.160,-0.046,0.056,2.934,0,0,0
960.211,-0.046,0.056,2.934,0,0,0
960.262,-0.046,0.056,2.936,0,0,0
960.313,-0.046,0.056,2.948,0,0,0
960.364,-0.046,0.056,2.934,0,0,0
960.415,-0.046,0.056,2.934,0,0,0
960.466,-0.046,0.056,2.940,0,0,0
960.517,-0.046,0.056,2.931,0,0,0
960.568,-0.047,0.056,2.929,0,0,0
960.619,-0.047,0.056,2.938,0,0,0
960.670,-0.047,0.056,2.938,0,0,0
960.721,-0.047,0.056,2.917,0,0,0
960.772,-0.047,0.056,2.924,0,0,0
960.823,-0.047,0.056,2.939,0,0,0
960.874,-0.047,0.057,2.936,0,0,0
960.925,-0.047,0.057,2.936,0,0,0
960.976,-0.047,0.057,2.924,0,0,0
961.027,-0.047,0.057,2.934,0,0,0
961.078,-0.047,0.057,2.924,0,0,0
961.129,-0.047,0.057,2.924,0,0,0
961.180,-0.047,0.057,2.943,0,0,0
961.231,-0.047,0.057,2.932,0,0,0
961.282,-0.047,0.057,2.922,0,0,0
961.333,-0.047,0.057,2.929,0,0,0
961.384,-0.047,0.057,2.929,0,0,0
961.435,-0.047,0.057,2.924,0,0,0
961.486,-0.047,0.057,2.940,0,0,0
961.537,-0.047,0.057,2.948,0,0,0
961.588,-0.047,0.057,2.948,0,0,0
961.639,-0.047,0.057,2.948,0,0,0
961.690,-0.047,0.057,2.927,0,0,0
961.741,-0.047,0.056,2.940,0,0,0
961.792,-0.047,0.056,2.933,0,0,0
961.843,-0.047,0.056,2.933,0,0,0
961.894,-0.047,0.056,2.934,0,0,0
961.945,-0.047,0.056,2.940,0,0,0
961.996,-0.047,0.057,2.945,0,0,0
962.047,-0.047,0.057,2.945,0,0,0
962.098,-0.047,0.057,2.922,0,0,0
962.149,-0.047,0.057,2.929,0,0,0
962.200,-0.047,0.057,2.927,0,0,0
962.251,-0.047,0.057,2.955,0,0,0
962.302,-0.046,0.057,2.955,0,0,0
962.353,-0.046,0.057,2.936,0,0,0
962.404,-0.046,0.057,2.941,0,0,0
962.455,-0.046,0.057,2.934,0,0,0
962.506,-0.046,0.057,2.924,0,0,0
962.557,-0.046,0.057,2.924,0,0,0
962.608,-0.047,0.057,2.931,0,0,0
962.659,-0.047,0.057,2.929,0,0,0
962.710,-0.047,0.057,2.936,0,0,0
962.761,-0.047,0.057,2.936,0,0,0
962.812,-0.047,0.057,2.931,0,0,0
962.863,-0.048,0.058,2.938,0,0,0
962.914,-0.048,0.058,2.933,0,0,0
962.965,-0.048,0.058,2.945,0,0,0
963.016,-0.048,0.058,2.945,0,0,0
963.067,-0.048,0.058,2.922,0,0,0
963.118,-0.048,0.058,2.925,0,0,0
963.169,-0.048,0.057,2.934,0,0,0
963.220,-0.048,0.057,2.934,0,0,0
963.271,-0.048,0.057,2.934,0,0,0
963.322,-0.048,0.057,2.952,0,0,0
963.373,-0.048,0.057,2.939,0,0,0
963.424,-0.048,0.057,2.936,0,0,0
963.475,-0.048,0.057,2.936,0,0,0
963.526,-0.048,0.057,2.940,0,0,0
963.577,-0.048,0.057,2.941,0,0,0
963.628,-0.048,0.057,2.931,0,0,0
963.679,-0.048,0.057,2.931,0,0,0
963.730,-0.048,0.056,2.934,0,0,0
963.781,-0.048,0.056,2.924,0,0,0
963.832,-0.048,0.056,2.920,0,0,0
963.883,-0.048,0.056,2.929,0,0,0
