73.551,0.885,0.073,3.404,0,0,0
73.612,0.885,0.073,3.405,0,0,0
73.663,0.884,0.073,3.395,0,0,0
73.714,0.884,0.073,3.394,0,0,0
73.765,0.884,0.073,3.394,0,0,0
73.816,0.884,0.073,3.396,0,0,0
73.867,0.884,0.073,3.397,0,0,0
73.918,0.884,0.073,3.398,0,0,0
73.969,0.882,0.074,3.398,0,0,0
74.020,0.882,0.074,3.412,0,0,0
74.071,0.882,0.074,3.397,0,0,0
74.122,0.882,0.074,3.400,0,0,0
74.173,0.882,0.074,3.401,0,0,0
74.224,0.881,0.073,3.401,0,0,0
74.275,0.881,0.073,3.415,0,0,0
74.326,0.881,0.073,3.396,0,0,0
74.377,0.881,0.073,3.397,0,0,0
74.428,0.881,0.073,3.397,0,0,0
74.479,0.881,0.073,3.407,0,0,0
74.530,0.881,0.073,3.397,0,0,0
74.581,0.881,0.073,3.402,0,0,0
74.632,0.881,0.073,3.395,0,0,0
74.683,0.881,0.073,3.395,0,0,0
74.734,0.881,0.073,3.412,0,0,0
74.785,0.880,0.073,3.404,0,0,0
74.836,0.880,0.073,3.398,0,0,0
74.887,0.880,0.073,3.411,0,0,0
74.938,0.880,0.073,3.411,0,0,0
75.040,0.880,0.073,3.397,0,0,0
75.142,0.881,0.073,3.399,0,0,0
75.193,0.881,0.073,3.412,0,0,0
75.244,0.881,0.073,3.394,0,0,0
75.295,0.881,0.073,3.394,0,0,0
75.346,0.881,0.073,3.395,0,0,0
75.397,0.881,0.074,3.395,0,0,0
75.448,0.881,0.074,3.397,0,0,0
75.499,0.881,0.074,3.397,0,0,0
75.550,0.881,0.074,3.405,0,0,0
75.601,0.881,0.074,3.405,0,0,0
75.652,0.881,0.073,3.392,0,0,0
75.703,0.881,0.073,3.386,0,0,0
75.754,0.881,0.073,3.402,0,0,0
75.907,0.881,0.073,3.395,0,0,0
75.958,0.881,0.074,3.398,0,0,0
76.009,0.881,0.074,3.399,0,0,0
76.060,0.881,0.074,3.399,0,0,0
76.111,0.881,0.074,3.401,0,0,0
76.162,0.881,0.074,3.389,0,0,0
76.315,0.882,0.073,3.402,0,0,0
76.366,0.882,0.073,3.395,0,0,0
76.417,0.882,0.073,3.400,0,0,0
76.468,0.882,0.073,3.404,0,0,0
76.519,0.881,0.073,3.400,0,0,0
76.570,0.881,0.073,3.400,0,0,0
76.621,0.881,0.073,3.401,0,0,0
76.672,0.881,0.073,3.397,0,0,0
76.723,0.881,0.073,3.408,0,0,0
76.774,0.881,0.073,3.408,0,0,0
76.825,0.882,0.073,3.405,0,0,0
76.876,0.882,0.073,3.415,0,0,0
77.080,0.882,0.073,3.394,0,0,0
77.131,0.883,0.073,3.396,0,0,0
77.182,0.883,0.073,3.396,0,0,0
77.233,0.883,0.073,3.396,0,0,0
77.284,0.883,0.073,3.400,0,0,0
77.335,0.883,0.073,3.407,0,0,0
77.386,0.884,0.072,3.402,0,0,0
77.437,0.884,0.072,3.395,0,0,0
77.488,0.884,0.072,3.395,0,0,0
77.539,0.884,0.072,3.402,0,0,0
77.590,0.884,0.072,3.395,0,0,0
77.641,0.884,0.072,3.401,0,0,0
77.692,0.884,0.072,3.401,0,0,0
77.743,0.884,0.072,3.400,0,0,0
77.794,0.884,0.072,3.402,0,0,0
77.845,0.884,0.072,3.401,0,0,0
77.896,0.884,0.072,3.407,0,0,0
77.947,0.884,0.072,3.407,0,0,0
77.998,0.884,0.073,3.397,0,0,0
78.049,0.884,0.073,3.397,0,0,0
78.100,0.884,0.073,3.400,0,0,0
78.151,0.884,0.073,3.404,0,0,0
78.202,0.884,0.073,3.404,0,0,0
78.253,0.882,0.073,3.406,0,0,0
78.304,0.882,0.073,3.401,0,0,0
78.355,0.882,0.073,3.395,0,0,0
78.406,0.882,0.073,3.395,0,0,0
78.457,0.882,0.073,3.416,0,0,0
78.508,0.882,0.073,3.401,0,0,0
78.610,0.882,0.074,3.401,0,0,0
78.661,0.882,0.074,3.401,0,0,0
78.712,0.882,0.074,3.396,0,0,0
78.763,0.882,0.074,3.393,0,0,0
78.814,0.882,0.074,3.402,0,0,0
78.865,0.882,0.074,3.402,0,0,0
78.916,0.882,0.074,3.399,0,0,0
78.967,0.882,0.074,3.398,0,0,0
79.069,0.882,0.074,3.400,0,0,0
79.120,0.882,0.074,3.400,0,0,0
79.171,0.882,0.074,3.393,0,0,0
79.222,0.882,0.074,3.401,0,0,0
79.273,0.882,0.074,3.412,0,0,0
79.324,0.882,0.074,3.412,0,0,0
79.375,0.882,0.074,3.392,0,0,0
79.426,0.884,0.073,3.406,0,0,0
79.477,0.884,0.073,3.409,0,0,0
79.528,0.884,0.073,3.405,0,0,0
79.579,0.884,0.073,3.405,0,0,0
79.630,0.884,0.073,3.397,0,0,0
79.681,0.884,0.073,3.405,0,0,0
79.732,0.884,0.073,3.389,0,0,0
79.783,0.884,0.073,3.404,0,0,0
79.834,0.884,0.073,3.404,0,0,0
79.885,0.884,0.073,3.394,0,0,0
79.936,0.884,0.073,3.401,0,0,0
79.987,0.884,0.073,3.412,0,0,0
80.038,0.884,0.073,3.412,0,0,0
80.089,0.884,0.073,3.390,0,0,0
80.140,0.884,0.073,3.400,0,0,0
80.191,0.884,0.073,3.412,0,0,0
80.242,0.884,0.073,3.400,0,0,0
80.293,0.885,0.073,3.400,0,0,0
80.344,0.885,0.073,3.393,0,0,0
80.395,0.885,0.073,3.394,0,0,0
80.446,0.885,0.073,3.407,0,0,0
80.497,0.885,0.073,3.407,0,0,0
80.548,0.885,0.073,3.401,0,0,0
80.599,0.885,0.073,3.401,0,0,0
80.650,0.885,0.073,3.411,0,0,0
80.701,0.885,0.073,3.405,0,0,0
80.752,0.885,0.073,3.405,0,0,0
80.803,0.885,0.073,3.395,0,0,0
80.854,0.884,0.073,3.404,0,0,0
80.905,0.884,0.073,3.404,0,0,0
80.956,0.884,0.073,3.404,0,0,0
81.007,0.884,0.073,3.397,0,0,0
81.058,0.884,0.073,3.401,0,0,0
81.109,0.884,0.073,3.397,0,0,0
81.160,0.885,0.073,3.396,0,0,0
81.211,0.885,0.073,3.396,0,0,0
81.262,0.885,0.073,3.397,0,0,0
81.313,0.885,0.073,3.412,0,0,0
81.364,0.885,0.073,3.397,0,0,0
81.415,0.882,0.073,3.402,0,0,0
81.466,0.882,0.073,3.402,0,0,0
81.517,0.882,0.073,3.404,0,0,0
81.568,0.882,0.073,3.387,0,0,0
81.619,0.882,0.073,3.407,0,0,0
81.670,0.882,0.073,3.407,0,0,0
81.721,0.881,0.073,3.394,0,0,0
81.772,0.881,0.073,3.395,0,0,0
81.823,0.881,0.073,3.402,0,0,0
81.874,0.881,0.073,3.401,0,0,0
81.925,0.881,0.073,3.401,0,0,0
81.976,0.881,0.073,3.411,0,0,0
82.027,0.881,0.073,3.393,0,0,0
82.078,0.881,0.073,3.396,0,0,0
82.129,0.881,0.073,3.396,0,0,0
82.180,0.881,0.073,3.416,0,0,0
82.231,0.881,0.073,3.411,0,0,0
82.282,0.881,0.074,3.395,0,0,0
82.333,0.881,0.074,3.408,0,0,0
82.384,0.881,0.074,3.408,0,0,0
82.435,0.881,0.074,3.401,0,0,0
82.486,0.881,0.074,3.392,0,0,0
82.537,0.881,0.074,3.400,0,0,0
82.588,0.882,0.074,3.400,0,0,0
82.639,0.882,0.074,3.405,0,0,0
82.690,0.882,0.074,3.413,0,0,0
82.741,0.882,0.074,3.401,0,0,0
82.894,0.882,0.074,3.403,0,0,0
82.945,0.882,0.074,3.407,0,0,0
82.996,0.882,0.074,3.404,0,0,0
83.047,0.882,0.074,3.396,0,0,0
83.098,0.882,0.074,3.396,0,0,0
83.149,0.882,0.074,3.413,0,0,0
83.200,0.882,0.074,3.406,0,0,0
83.251,0.882,0.074,3.412,0,0,0
83.302,0.882,0.074,3.412,0,0,0
83.353,0.882,0.074,3.408,0,0,0
83.404,0.882,0.074,3.398,0,0,0
83.455,0.881,0.073,3.397,0,0,0
83.506,0.881,0.073,3.396,0,0,0
83.557,0.881,0.073,3.396,0,0,0
83.608,0.881,0.073,3.394,0,0,0
83.659,0.881,0.073,3.400,0,0,0
84.067,0.881,0.072,3.400,0,0,0
84.169,0.881,0.072,3.394,0,0,0
84.220,0.881,0.072,3.394,0,0,0
84.271,0.881,0.072,3.407,0,0,0
84.322,0.882,0.073,3.385,0,0,0
84.373,0.882,0.073,3.411,0,0,0
84.424,0.882,0.073,3.401,0,0,0
84.475,0.882,0.073,3.401,0,0,0
84.526,0.882,0.073,3.400,0,0,0
84.577,0.884,0.073,3.409,0,0,0
84.628,0.884,0.073,3.394,0,0,0
84.679,0.884,0.073,3.397,0,0,0
84.730,0.884,0.073,3.397,0,0,0
84.781,0.884,0.073,3.407,0,0,0
84.832,0.884,0.073,3.401,0,0,0
84.883,0.883,0.073,3.398,0,0,0
84.934,0.883,0.073,3.398,0,0,0
84.985,0.883,0.073,3.410,0,0,0
85.036,0.883,0.073,3.391,0,0,0
85.087,0.883,0.073,3.400,0,0,0
85.138,0.883,0.073,3.403,0,0,0
85.189,0.884,0.073,3.403,0,0,0
85.240,0.884,0.073,3.394,0,0,0
85.291,0.884,0.073,3.404,0,0,0
85.342,0.884,0.073,3.404,0,0,0
85.393,0.884,0.073,3.404,0,0,0
85.444,0.884,0.073,3.405,0,0,0
85.495,0.884,0.073,3.404,0,0,0
85.546,0.884,0.073,3.400,0,0,0
85.597,0.884,0.073,3.399,0,0,0
85.648,0.884,0.073,3.399,0,0,0
85.699,0.884,0.073,3.411,0,0,0
85.750,0.883,0.073,3.404,0,0,0
85.801,0.883,0.073,3.415,0,1,-1
85.853,0.883,0.073,3.415,-4,11,-10
85.956,0.883,0.073,3.477,-1,0,-1
86.007,0.883,0.073,3.447,4,3,2
86.058,0.884,0.073,3.431,1,2,-3
86.109,0.884,0.073,3.431,-3,-3,-2
86.160,0.884,0.073,3.458,-1,-1,1
86.211,0.884,0.073,3.451,2,4,0
86.262,0.884,0.073,3.426,1,0,0
87.486,0.894,0.042,3.446,0,0,0
87.537,0.894,0.042,3.446,0,0,0
87.588,0.894,0.042,3.452,0,0,0
87.639,0.894,0.042,3.451,0,0,0
87.742,0.896,0.041,3.436,0,0,0
87.846,0.896,0.041,3.451,0,2,-3
87.949,0.896,0.041,3.447,0,5,-6
88.000,0.896,0.041,3.447,0,8,-7
88.051,0.900,0.040,3.466,0,9,-9
88.102,0.900,0.040,3.476,0,10,-10
88.153,0.900,0.040,3.478,0,10,-11
88.204,0.900,0.040,3.478,0,10,-9
88.255,0.900,0.040,3.470,0,10,-10
88.306,0.900,0.040,3.474,0,9,-9
88.357,0.898,0.035,3.487,0,9,-9
88.408,0.898,0.035,3.481,0,9,-8
88.459,0.898,0.035,3.481,0,9,-9
88.510,0.898,0.035,3.480,0,8,-9
88.561,0.898,0.035,3.472,0,9,-8
88.612,0.896,0.012,3.505,0,8,-9
88.663,0.896,0.012,3.492,0,9,-8
88.714,0.896,0.012,3.492,0,9,-9
88.765,0.896,0.012,3.505,0,8,-9
88.816,0.896,0.012,3.495,0,8,-9
88.867,0.896,0.012,3.510,0,9,-8
88.918,0.896,-0.021,3.510,0,8,-8
88.969,0.896,-0.021,3.508,0,8,-9
89.020,0.896,-0.021,3.501,0,8,-8
89.071,0.896,-0.021,3.491,0,9,-8
89.122,0.896,-0.021,3.502,0,8,-8
89.173,0.896,-0.021,3.502,0,8,-8
89.224,0.892,-0.067,3.497,0,8,-8
89.275,0.892,-0.067,3.514,0,8,-9
89.326,0.892,-0.067,3.481,0,9,-8
89.377,0.892,-0.067,3.481,0,8,-8
89.429,0.892,-0.067,3.506,0,10,-10
89.480,0.890,-0.120,3.500,0,13,-12
89.531,0.890,-0.120,3.510,0,13,-14
89.582,0.890,-0.120,3.521,0,14,-13
89.633,0.890,-0.120,3.521,0,13,-14
89.684,0.890,-0.120,3.521,0,14,-14
89.735,0.890,-0.120,3.509,0,14,-14
89.786,0.897,-0.170,3.518,0,14,-14
89.837,0.897,-0.170,3.512,0,14,-14
89.888,0.897,-0.170,3.512,0,14,-14
89.939,0.897,-0.170,3.515,0,14,-14
89.990,0.897,-0.170,3.505,0,14,-14
90.041,0.896,-0.227,3.512,0,14,-14
90.092,0.896,-0.227,3.512,0,14,-14
90.143,0.896,-0.227,3.505,0,15,-14
90.196,0.896,-0.227,3.515,5,14,-15
90.248,0.896,-0.227,3.490,12,7,-15
90.299,0.896,-0.227,3.468,14,5,-15
90.350,0.897,-0.295,3.468,15,6,-15
90.401,0.897,-0.295,3.461,16,6,-15
90.452,0.897,-0.295,3.427,15,6,-16
90.503,0.897,-0.295,3.408,15,6,-15
90.554,0.897,-0.295,3.408,16,7,-16
90.605,0.897,-0.295,3.408,15,7,-15
90.656,0.894,-0.370,3.346,16,6,-16
90.707,0.894,-0.370,3.316,15,6,-15
90.758,0.894,-0.370,3.288,16,5,-16
90.809,0.894,-0.370,3.288,15,7,-15
90.860,0.894,-0.370,3.258,16,6,-16
90.911,0.876,-0.452,3.232,15,6,-16
90.962,0.876,-0.452,3.190,16,6,-16
91.013,0.876,-0.452,3.155,16,6,-16
91.064,0.876,-0.452,3.155,15,6,-15
91.115,0.876,-0.452,3.120,16,6,-16
91.166,0.876,-0.452,3.083,15,6,-16
91.217,0.840,-0.528,3.038,16,5,-16
91.268,0.840,-0.528,3.038,15,7,-16
91.319,0.840,-0.528,2.998,16,6,-15
91.370,0.840,-0.528,2.964,16,5,-16
91.421,0.840,-0.528,2.913,15,6,-16
91.472,0.840,-0.528,2.875,16,6,-16
91.523,0.782,-0.589,2.875,16,6,-16
91.728,0.782,-0.589,2.765,3,13,-16
91.779,0.699,-0.640,2.726,-3,13,-16
91.830,0.699,-0.640,2.723,2,13,-15
91.881,0.699,-0.640,2.715,0,14,-15
91.932,0.699,-0.640,2.720,0,14,-15
91.983,0.699,-0.640,2.720,0,14,-15
92.034,0.699,-0.640,2.708,-1,14,-15
92.085,0.616,-0.686,2.711,0,14,-15
92.136,0.616,-0.686,2.712,0,14,-15
92.238,0.616,-0.686,2.710,0,14,-15
92.290,0.616,-0.686,2.717,4,14,-16
92.342,0.616,-0.686,2.705,11,10,-15
92.393,0.541,-0.737,2.685,14,7,-15
92.444,0.541,-0.737,2.685,14,6,-16
92.495,0.541,-0.737,2.639,16,5,-15
92.546,0.541,-0.737,2.613,15,6,-16
92.597,0.541,-0.737,2.582,15,7,-15
92.648,0.489,-0.808,2.558,16,6,-16
92.699,0.489,-0.808,2.558,15,6,-16
92.750,0.489,-0.808,2.519,15,7,-16
92.801,0.489,-0.808,2.507,16,6,-16
92.852,0.489,-0.808,2.489,16,5,-16
92.903,0.489,-0.808,2.489,15,6,-16
92.954,0.437,-0.870,2.477,15,7,-15
93.005,0.437,-0.870,2.443,16,6,-16
93.056,0.437,-0.870,2.410,15,6,-16
93.107,0.437,-0.870,2.414,16,7,-16
93.158,0.437,-0.870,2.414,15,5,-16
93.209,0.378,-0.925,2.375,16,6,-16
93.260,0.378,-0.925,2.374,16,6,-16
93.311,0.378,-0.925,2.341,15,5,-16
93.362,0.378,-0.925,2.336,16,6,-16
93.413,0.378,-0.925,2.336,16,7,-16
93.464,0.378,-0.925,2.303,15,6,-16
93.515,0.307,-0.965,2.298,16,5,-16
93.566,0.307,-0.965,2.278,16,6,-16
93.617,0.307,-0.965,2.278,15,7,-16
93.668,0.307,-0.965,2.264,16,6,-16
93.719,0.307,-0.965,2.258,16,6,-16
93.770,0.307,-0.965,2.235,15,6,-16
93.821,0.211,-0.975,2.236,16,5,-16
93.872,0.211,-0.975,2.236,16,6,-16
93.923,0.211,-0.975,2.201,16,6,-17
93.974,0.211,-0.975,2.189,15,6,-16
94.025,0.211,-0.975,2.168,16,6,-16
94.076,0.124,-0.987,2.168,16,6,-16
94.127,0.124,-0.987,2.183,15,6,-16
94.178,0.124,-0.987,2.153,16,6,-16
94.229,0.124,-0.987,2.162,16,6,-17
94.280,0.124,-0.987,2.129,16,6,-16
94.331,0.124,-0.987,2.129,16,5,-16
94.382,0.035,-0.991,2.144,16,6,-16
94.433,0.035,-0.991,2.125,16,6,-16
94.535,0.035,-0.991,2.124,16,6,-16
94.587,0.035,-0.991,2.110,16,-7,-16
94.638,0.035,-0.991,2.112,15,-11,-14
94.689,-0.059,-0.987,2.152,16,-10,-13
94.741,-0.059,-0.987,2.166,16,-13,-3
94.792,-0.059,-0.987,2.166,16,-14,5
94.843,-0.059,-0.987,2.155,17,-14,6
94.894,-0.059,-0.987,2.132,16,-15,7
94.945,-0.153,-0.975,2.086,16,-15,7
94.996,-0.153,-0.975,2.075,16,-15,6
95.047,-0.153,-0.975,2.075,16,-16,7
95.099,-0.153,-0.975,2.021,16,-15,8
95.151,-0.153,-0.975,1.991,15,-16,10
95.254,-0.232,-0.944,1.951,7,-15,13
95.306,-0.232,-0.944,1.922,2,-16,13
95.357,-0.232,-0.944,1.897,1,-15,13
95.408,-0.232,-0.944,1.906,1,-15,14
95.459,-0.232,-0.944,1.893,0,-15,15
95.510,-0.232,-0.944,1.893,0,-15,14
95.561,-0.277,-0.890,1.903,0,-15,14
95.612,-0.277,-0.890,1.900,0,-14,14
95.663,-0.277,-0.890,1.893,0,-15,14
95.714,-0.277,-0.890,1.897,0,-15,14
95.765,-0.277,-0.890,1.897,0,-15,14
95.816,-0.281,-0.826,1.883,0,-15,14
95.867,-0.281,-0.826,1.895,0,-15,15
95.919,-0.281,-0.826,1.896,-4,-14,14
95.971,-0.281,-0.826,1.896,-8,-15,15
96.022,-0.281,-0.826,1.908,-8,-13,15
96.073,-0.281,-0.826,1.908,-8,-13,15
96.124,-0.241,-0.772,1.936,-8,-12,15
96.175,-0.241,-0.772,1.961,-8,-12,15
96.226,-0.241,-0.772,1.961,-8,-12,16
96.277,-0.241,-0.772,1.959,-7,-12,15
96.329,-0.241,-0.772,1.965,1,-12,15
96.380,-0.173,-0.722,1.967,1,-13,15
96.431,-0.173,-0.722,1.951,-2,-14,15
96.482,-0.173,-0.722,1.951,1,-15,14
96.533,-0.173,-0.722,1.960,1,-14,15
96.585,-0.173,-0.722,1.928,9,-14,12
96.636,-0.173,-0.722,1.933,14,-14,10
96.687,-0.096,-0.689,1.933,14,-15,7
96.738,-0.096,-0.689,1.906,16,-15,7
96.789,-0.096,-0.689,1.878,15,-14,6
96.840,-0.096,-0.689,1.866,16,-15,6
96.891,-0.096,-0.689,1.831,15,-15,5
96.942,-0.096,-0.689,1.831,16,-15,6
96.993,-0.020,-0.655,1.829,15,-15,6
97.044,-0.020,-0.655,1.808,16,-15,6
97.095,-0.020,-0.655,1.778,16,-15,6
97.146,-0.020,-0.655,1.778,15,-15,6
97.197,-0.020,-0.655,1.777,16,-15,2
97.249,0.048,-0.596,1.770,15,-15,-8
97.300,0.048,-0.596,1.796,15,-14,-11
97.351,0.048,-0.596,1.816,16,-12,-10
97.402,0.048,-0.596,1.816,16,-11,-11
97.453,0.048,-0.596,1.868,16,-10,-10
97.504,0.048,-0.596,1.884,15,-10,-10
97.555,0.099,-0.535,1.894,16,-10,-10
97.606,0.099,-0.535,1.907,16,-9,-9
97.657,0.099,-0.535,1.914,16,-9,-10
97.708,0.099,-0.535,1.944,16,-9,-9
97.759,0.099,-0.535,1.946,16,-9,-9
97.810,0.099,-0.535,1.967,16,-8,-9
97.861,0.126,-0.453,1.967,16,-9,-9
97.912,0.126,-0.453,1.971,16,-8,-8
97.963,0.126,-0.453,1.992,16,-9,-9
98.014,0.126,-0.453,2.012,15,-8,-8
98.065,0.126,-0.453,2.008,16,-8,-8
98.116,0.132,-0.366,2.008,16,-8,-9
98.167,0.132,-0.366,2.014,17,-9,-8
98.220,0.132,-0.366,2.034,15,-12,5
98.271,0.132,-0.366,1.986,17,-14,9
98.322,0.132,-0.366,1.986,16,-13,8
98.373,0.132,-0.366,1.954,16,-15,8
98.424,0.115,-0.283,1.930,15,-14,9
98.475,0.115,-0.283,1.896,16,-15,9
98.526,0.115,-0.283,1.877,16,-15,9
98.577,0.115,-0.283,1.877,15,-15,8
98.629,0.115,-0.283,1.854,16,-16,8
98.680,0.089,-0.200,1.830,16,-15,8
98.731,0.089,-0.200,1.797,15,-15,8
98.782,0.089,-0.200,1.776,16,-15,8
98.833,0.089,-0.200,1.776,15,-16,7
98.884,0.089,-0.200,1.764,16,-15,6
98.987,0.079,-0.124,1.739,16,-15,-3
99.038,0.079,-0.124,1.739,15,-15,-8
99.089,0.079,-0.124,1.763,16,-13,-10
99.140,0.079,-0.124,1.795,15,-12,-10
99.243,0.079,-0.124,1.843,16,6,-13
99.294,0.095,-0.046,1.843,16,9,-14
99.345,0.095,-0.046,1.814,16,6,-15
99.396,0.095,-0.046,1.802,16,7,-16
99.447,0.095,-0.046,1.791,15,7,-16
99.498,0.095,-0.046,1.791,16,8,-15
99.549,0.118,0.037,1.771,16,7,-16
99.600,0.118,0.037,1.761,16,6,-16
99.651,0.118,0.037,1.746,16,6,-15
99.702,0.118,0.037,1.728,15,6,-17
99.753,0.118,0.037,1.728,16,6,-15
99.804,0.118,0.037,1.720,16,6,-16
99.855,0.129,0.119,1.718,16,6,-16
99.906,0.129,0.119,1.714,16,6,-16
99.957,0.129,0.119,1.734,15,5,-16
100.008,0.129,0.119,1.734,16,6,-16
100.059,0.129,0.119,1.718,16,5,-16
100.110,0.129,0.119,1.730,16,5,-16
100.161,0.111,0.195,1.700,16,3,-16
100.213,0.111,0.195,1.700,15,-9,-15
100.264,0.111,0.195,1.727,16,-13,3
100.315,0.111,0.195,1.740,16,-15,5
100.366,0.111,0.195,1.743,16,-14,2
100.417,0.060,0.263,1.715,16,-16,2
100.470,0.060,0.263,1.715,16,-14,-8
100.521,0.060,0.263,1.750,16,-13,-10
100.572,0.060,0.263,1.758,16,-13,-9
100.623,0.060,0.263,1.801,15,-11,-11
100.674,0.060,0.263,1.801,16,-10,-10
100.725,0.016,0.328,1.803,16,-10,-10
100.776,0.016,0.328,1.846,16,-10,-9
100.878,0.016,0.328,1.852,16,-3,-12
100.930,0.016,0.328,1.852,17,8,-13
100.981,-0.015,0.404,1.848,16,11,-14
101.032,-0.015,0.404,1.834,16,9,-15
101.083,-0.015,0.404,1.803,16,8,-15
101.134,-0.015,0.404,1.797,16,9,-15
101.185,-0.015,0.404,1.797,16,8,-16
101.236,-0.015,0.404,1.776,15,7,-16
101.287,-0.037,0.485,1.766,16,7,-15
101.338,-0.037,0.485,1.755,16,7,-16
101.389,-0.037,0.485,1.755,17,6,-16
101.440,-0.037,0.485,1.725,16,9,-16
101.492,-0.037,0.485,1.730,5,12,-15
101.543,-0.037,0.485,1.723,0,12,-15
101.594,-0.058,0.577,1.730,0,14,-16
101.645,-0.058,0.577,1.730,-1,14,-15
101.696,-0.058,0.577,1.741,0,13,-14
101.747,-0.058,0.577,1.769,2,15,-15
101.798,-0.058,0.577,1.757,2,14,-14
101.849,-0.099,0.657,1.757,1,14,-15
101.900,-0.099,0.657,1.757,0,14,-15
101.951,-0.099,0.657,1.768,0,15,-14
102.002,-0.099,0.657,1.770,0,14,-15
102.053,-0.099,0.657,1.795,0,14,-14
102.104,-0.099,0.657,1.795,0,14,-15
102.155,-0.155,0.721,1.792,0,14,-14
102.206,-0.155,0.721,1.783,0,14,-15
102.257,-0.155,0.721,1.797,-1,15,-14
102.308,-0.155,0.721,1.802,0,13,-15
102.359,-0.155,0.721,1.802,0,15,-14
102.410,-0.155,0.721,1.806,0,14,-14
102.461,-0.231,0.764,1.808,0,14,-15
102.512,-0.231,0.764,1.806,0,14,-14
102.563,-0.231,0.764,1.806,0,14,-14
102.614,-0.231,0.764,1.804,0,14,-14
102.665,-0.231,0.764,1.792,0,14,-14
102.716,-0.312,0.791,1.806,0,14,-15
102.767,-0.312,0.791,1.791,0,14,-14
102.818,-0.312,0.791,1.791,0,14,-14
102.869,-0.312,0.791,1.800,0,14,-14
102.920,-0.312,0.791,1.796,0,14,-15
102.971,-0.312,0.791,1.792,0,14,-14
103.022,-0.397,0.813,1.792,0,14,-14
103.073,-0.397,0.813,1.789,0,14,-14
103.124,-0.397,0.813,1.790,0,14,-14
103.175,-0.397,0.813,1.788,0,14,-14
103.226,-0.397,0.813,1.775,0,14,-14
103.277,-0.397,0.813,1.775,0,14,-14
103.328,-0.481,0.830,1.799,0,14,-14
103.379,-0.481,0.830,1.756,0,14,-15
103.430,-0.481,0.830,1.776,0,14,-14
103.481,-0.481,0.830,1.776,0,15,-14
103.532,-0.481,0.830,1.783,0,14,-14
103.583,-0.566,0.849,1.768,0,13,-14
103.634,-0.566,0.849,1.766,0,14,-14
103.685,-0.566,0.849,1.763,0,14,-14
103.736,-0.566,0.849,1.763,0,14,-14
103.787,-0.566,0.849,1.754,0,14,-14
103.838,-0.566,0.849,1.755,0,14,-14
103.890,-0.642,0.864,1.776,-11,15,-8
103.941,-0.642,0.864,1.749,-14,15,-5
103.992,-0.642,0.864,1.749,-14,14,-7
104.043,-0.642,0.864,1.763,-15,15,-6
104.094,-0.642,0.864,1.786,-15,15,-6
104.145,-0.642,0.864,1.809,-16,15,-6
104.196,-0.728,0.881,1.809,-15,15,-6
104.247,-0.728,0.881,1.826,-16,15,-6
104.298,-0.728,0.881,1.861,-15,15,-7
104.349,-0.728,0.881,1.863,-16,15,-6
104.400,-0.728,0.881,1.890,-15,16,-6
104.451,-0.814,0.879,1.890,-16,15,-6
104.502,-0.814,0.879,1.905,-15,15,-6
104.553,-0.814,0.879,1.928,-15,15,-6
104.604,-0.814,0.879,1.952,-16,16,-7
104.655,-0.814,0.879,1.952,-16,15,-6
104.706,-0.814,0.879,1.969,-15,16,-6
104.808,-0.894,0.865,2.021,-15,15,-5
104.859,-0.894,0.865,2.045,-16,16,-6
104.910,-0.894,0.865,2.045,-16,15,-6
104.961,-0.894,0.865,2.055,-16,15,-5
105.012,-0.894,0.865,2.074,-15,16,-6
105.063,-0.976,0.813,2.107,-16,16,-6
105.114,-0.976,0.813,2.118,-16,15,-6
105.165,-0.976,0.813,2.117,-16,16,-6
105.216,-0.976,0.813,2.154,-16,16,-6
105.267,-0.976,0.813,2.169,-15,15,-7
105.318,-0.976,0.813,2.197,-16,16,-6
105.369,-0.976,0.813,2.197,-16,15,-6
105.420,-0.976,0.813,2.214,-16,16,-6
105.471,-0.976,0.813,2.248,-16,16,-4
105.523,-0.976,0.813,2.259,-16,16,1
105.575,-0.976,0.813,2.241,-15,16,3
105.626,-1.064,0.727,2.241,-16,16,4
105.677,-1.064,0.727,2.232,-16,15,5
105.728,-1.064,0.727,2.219,-16,15,5
105.779,-1.064,0.727,2.210,-16,15,4
105.830,-1.064,0.727,2.210,-16,15,3
105.881,-1.136,0.627,2.206,-16,15,3
105.932,-1.136,0.627,2.213,-16,15,3
105.983,-1.136,0.627,2.197,-16,14,3
106.034,-1.136,0.627,2.180,-16,15,3
106.085,-1.136,0.627,2.180,-16,15,3
106.136,-1.136,0.627,2.170,-16,15,3
106.187,-1.195,0.509,2.175,-16,15,2
106.238,-1.195,0.509,2.162,-16,14,3
106.289,-1.195,0.509,2.179,-16,15,4
106.340,-1.195,0.509,2.179,-16,15,3
106.391,-1.195,0.509,2.175,-16,14,2
106.442,-1.195,0.509,2.173,-16,14,2
106.493,-1.232,0.403,2.170,-16,15,2
106.544,-1.232,0.403,2.170,-16,14,2
106.595,-1.232,0.403,2.171,-16,15,3
106.647,-1.232,0.403,2.153,-17,15,4
106.699,-1.232,0.403,2.160,-15,13,8
106.750,-1.249,0.301,2.110,-16,11,10
106.801,-1.249,0.301,2.110,-17,10,10
106.852,-1.249,0.301,2.132,-16,9,9
106.903,-1.249,0.301,2.118,-16,9,10
106.954,-1.249,0.301,2.107,-16,9,9
107.005,-1.249,0.301,2.107,-16,8,9
107.056,-1.259,0.204,2.104,-16,8,8
107.107,-1.259,0.204,2.097,-16,9,9
107.158,-1.259,0.204,2.112,-16,8,8
107.209,-1.259,0.204,2.101,-16,8,8
107.260,-1.259,0.204,2.101,-16,9,9
107.311,-1.259,0.204,2.101,-16,8,8
107.362,-1.256,0.116,2.111,-16,8,9
107.413,-1.256,0.116,2.104,-16,8,8
107.464,-1.256,0.116,2.104,-16,8,8
107.515,-1.256,0.116,2.104,-17,8,9
107.566,-1.256,0.116,2.103,-16,9,8
107.668,-1.265,0.037,2.107,-16,8,8
107.719,-1.265,0.037,2.107,-16,8,9
107.770,-1.265,0.037,2.102,-16,8,8
107.821,-1.265,0.037,2.102,-16,8,8
107.872,-1.265,0.037,2.109,-16,9,8
107.923,-1.249,-0.054,2.102,-16,8,8
107.974,-1.249,-0.054,2.102,-16,8,8
108.025,-1.249,-0.054,2.112,-17,8,8
108.076,-1.249,-0.054,2.125,-16,8,8
108.127,-1.249,-0.054,2.105,-16,8,8
108.178,-1.237,-0.146,2.105,-16,8,8
108.229,-1.237,-0.146,2.117,-16,8,9
108.280,-1.237,-0.146,2.117,-16,8,8
108.331,-1.237,-0.146,2.119,-16,8,8
108.382,-1.237,-0.146,2.117,-16,9,8
108.433,-1.237,-0.146,2.117,-17,8,8
108.484,-1.227,-0.239,2.129,-16,8,8
108.535,-1.227,-0.239,2.121,-16,8,8
108.586,-1.227,-0.239,2.116,-16,8,8
108.637,-1.227,-0.239,2.116,-16,8,9
108.688,-1.227,-0.239,2.116,-16,9,8
108.739,-1.227,-0.239,2.121,-17,8,8
108.790,-1.217,-0.346,2.133,-16,8,8
108.841,-1.217,-0.346,2.105,-16,8,8
108.892,-1.217,-0.346,2.105,-16,8,8
108.943,-1.217,-0.346,2.122,-16,9,8
108.995,-1.217,-0.346,2.118,-16,-7,12
109.046,-1.217,-0.346,2.138,-17,-11,14
109.097,-1.217,-0.346,2.161,-16,-8,14
109.148,-1.217,-0.346,2.161,-16,-7,15
109.199,-1.217,-0.346,2.201,-16,-11,15
109.250,-1.217,-0.346,2.266,-5,-13,14
109.404,-1.207,-0.465,2.270,9,-15,13
109.455,-1.207,-0.465,2.255,12,-15,8
109.506,-1.207,-0.465,2.241,15,-15,6
109.557,-1.207,-0.465,2.248,14,-15,5
109.608,-1.207,-0.465,2.248,15,-15,6
109.659,-1.179,-0.564,2.244,15,-16,6
109.710,-1.179,-0.564,2.224,15,-15,6
109.761,-1.179,-0.564,2.173,15,-15,6
109.812,-1.179,-0.564,2.173,15,-16,5
109.863,-1.179,-0.564,2.166,15,-15,6
109.914,-1.179,-0.564,2.158,15,-15,6
109.965,-1.179,-0.564,2.143,15,-16,6
110.016,-1.179,-0.564,2.110,15,-15,6
110.067,-1.179,-0.564,2.110,16,-16,6
110.118,-1.179,-0.564,2.098,15,-15,6
110.169,-1.179,-0.564,2.062,16,-16,5
110.220,-1.122,-0.615,2.037,15,-15,6
110.271,-1.122,-0.615,2.037,15,-16,6
110.322,-1.122,-0.615,2.024,16,-15,6
110.424,-1.122,-0.615,1.976,15,-15,6
110.475,-1.122,-0.615,1.967,15,-16,6
110.526,-1.047,-0.613,1.967,16,-15,6
110.577,-1.047,-0.613,1.928,15,-16,6
110.628,-1.047,-0.613,1.916,16,-16,6
110.679,-1.047,-0.613,1.849,16,-15,6
110.730,-1.047,-0.613,1.864,15,-16,6
110.781,-0.960,-0.551,1.864,16,-16,6
110.832,-0.960,-0.551,1.811,15,-15,5
110.883,-0.960,-0.551,1.788,16,-16,6
110.934,-0.960,-0.551,1.738,15,-15,7
110.985,-0.960,-0.551,1.738,16,-16,5
111.036,-0.960,-0.551,1.715,16,-16,6
111.087,-0.872,-0.477,1.700,16,-16,7
111.138,-0.872,-0.477,1.654,15,-15,5
111.189,-0.872,-0.477,1.588,16,-16,6
111.240,-0.872,-0.477,1.588,16,-16,7
111.291,-0.872,-0.477,1.559,15,-16,6
111.342,-0.797,-0.416,1.496,16,-15,6
111.393,-0.797,-0.416,1.468,16,-16,6
111.444,-0.797,-0.416,1.468,15,-16,6
111.496,-0.797,-0.416,1.442,16,-16,-6
111.547,-0.797,-0.416,1.432,15,-15,-11
111.598,-0.797,-0.416,1.453,16,-14,-10
111.649,-0.716,-0.379,1.461,16,-14,-11
111.700,-0.716,-0.379,1.461,15,-12,-10
111.751,-0.716,-0.379,1.498,16,-13,-10
111.802,-0.716,-0.379,1.521,16,-12,-10
111.853,-0.716,-0.379,1.524,16,-11,-9
111.904,-0.716,-0.379,1.524,16,-13,5
111.955,-0.716,-0.379,1.524,16,-15,9
112.006,-0.716,-0.379,1.487,16,-14,6
112.057,-0.716,-0.379,1.455,16,-15,7
112.108,-0.716,-0.379,1.416,16,-15,8
112.159,-0.716,-0.379,1.416,16,-15,7
112.210,-0.624,-0.313,1.378,16,-16,7
112.261,-0.624,-0.313,1.342,16,-15,7
112.312,-0.624,-0.313,1.298,16,-15,6
112.363,-0.624,-0.313,1.279,16,-16,7
112.414,-0.624,-0.313,1.279,15,-15,6
112.516,-0.528,-0.249,1.210,16,-16,6
112.568,-0.528,-0.249,1.171,16,-16,8
112.620,-0.528,-0.249,1.171,13,-15,11
112.671,-0.528,-0.249,1.133,4,-16,12
112.722,-0.528,-0.249,1.105,-1,-16,13
112.773,-0.528,-0.249,1.076,3,-14,14
112.824,-0.429,-0.188,1.063,1,-15,15
112.876,-0.429,-0.188,1.063,-9,-15,14
112.927,-0.429,-0.188,1.078,-14,-12,15
112.978,-0.429,-0.188,1.097,-15,-11,15
113.029,-0.429,-0.188,1.091,-15,-9,15
113.080,-0.332,-0.135,1.135,-15,-7,16
113.131,-0.332,-0.135,1.135,-15,-7,15
113.182,-0.332,-0.135,1.141,-16,-7,15
113.233,-0.332,-0.135,1.141,-15,-7,16
113.284,-0.332,-0.135,1.147,-15,-6,15
113.335,-0.332,-0.135,1.147,-16,-5,16
113.386,-0.252,-0.139,1.158,-15,-6,15
113.437,-0.252,-0.139,1.160,-16,-5,16
113.488,-0.252,-0.139,1.171,-15,-6,16
113.539,-0.252,-0.139,1.182,-16,-6,15
113.590,-0.252,-0.139,1.182,-15,-5,16
113.641,-0.252,-0.139,1.182,-15,-5,15
113.692,-0.185,-0.171,1.199,-16,-6,16
113.743,-0.185,-0.171,1.213,-16,-5,16
113.794,-0.185,-0.171,1.213,-15,-5,15
113.845,-0.185,-0.171,1.203,-16,-5,16
113.896,-0.185,-0.171,1.209,-16,-6,16
113.947,-0.137,-0.243,1.230,-16,-6,16
113.999,-0.137,-0.243,1.242,-16,-6,16
114.050,-0.137,-0.243,1.242,-15,-6,15
114.153,-0.137,-0.243,1.261,-15,-9,16
114.204,-0.137,-0.243,1.262,-3,-11,16
114.255,-0.137,-0.243,1.264,0,-12,15
114.306,-0.137,-0.243,1.264,-2,-14,16
114.357,-0.137,-0.243,1.252,-1,-13,15
114.408,-0.137,-0.243,1.256,0,-14,15
114.459,-0.137,-0.243,1.251,1,-14,16
114.510,-0.137,-0.243,1.251,0,-14,15
114.561,-0.137,-0.243,1.254,0,-15,15
114.612,-0.137,-0.243,1.233,0,-14,15
114.663,-0.137,-0.243,1.228,0,-14,15
114.714,-0.137,-0.243,1.213,0,-14,15
114.765,-0.137,-0.243,1.213,0,-14,15
114.817,-0.067,-0.357,1.191,9,-15,14
114.868,-0.067,-0.357,1.181,14,-14,10
114.919,-0.067,-0.357,1.168,14,-15,7
114.970,-0.067,-0.357,1.168,15,-15,7
115.021,-0.067,-0.357,1.171,15,-15,6
115.072,-0.067,-0.357,1.133,15,-15,6
115.174,0.011,-0.456,1.116,15,-16,5
115.277,0.011,-0.456,1.128,16,-15,-9
115.328,0.011,-0.456,1.123,15,-13,-8
115.379,0.103,-0.517,1.162,15,-11,-9
115.430,0.103,-0.517,1.179,16,-11,-10
115.481,0.103,-0.517,1.179,15,-10,-10
115.532,0.103,-0.517,1.220,16,-8,-10
115.583,0.103,-0.517,1.227,16,-10,-9
115.634,0.103,-0.517,1.237,15,-8,-10
115.685,0.103,-0.517,1.237,16,-9,-8
115.787,0.103,-0.517,1.280,15,-8,-9
115.838,0.103,-0.517,1.286,16,-9,-8
115.889,0.103,-0.517,1.315,16,-8,-10
115.940,0.103,-0.517,1.315,16,-8,-8
115.991,0.217,-0.516,1.310,16,-8,-9
116.042,0.217,-0.516,1.326,15,-9,-8
116.093,0.217,-0.516,1.335,16,-9,-7
116.145,0.217,-0.516,1.335,16,-13,2
116.196,0.217,-0.516,1.351,16,-13,8
116.247,0.290,-0.449,1.326,16,-14,7
116.298,0.290,-0.449,1.318,16,-15,8
116.349,0.290,-0.449,1.287,16,-14,8
116.400,0.290,-0.449,1.287,16,-15,8
116.451,0.290,-0.449,1.266,16,-15,7
116.502,0.290,-0.449,1.251,16,-15,7
116.553,0.349,-0.368,1.237,15,-15,7
116.604,0.349,-0.368,1.237,16,-15,6
116.655,0.349,-0.368,1.218,16,-14,-5
116.706,0.349,-0.368,1.229,16,-13,-11
116.757,0.349,-0.368,1.265,15,-11,-9
116.808,0.349,-0.368,1.272,16,-11,-9
116.859,0.407,-0.296,1.272,16,-8,-10
116.910,0.407,-0.296,1.288,16,-9,-11
116.961,0.407,-0.296,1.316,16,-9,-9
117.012,0.407,-0.296,1.335,16,-9,-10
117.063,0.407,-0.296,1.353,16,-8,-9
117.114,0.455,-0.237,1.353,16,-8,-9
117.165,0.455,-0.237,1.360,16,-8,-8
117.216,0.455,-0.237,1.368,16,-9,-9
117.267,0.455,-0.237,1.387,16,-8,-9
117.318,0.455,-0.237,1.387,16,-8,-9
117.369,0.455,-0.237,1.387,15,-9,-8
117.420,0.506,-0.173,1.409,16,-8,-8
117.471,0.506,-0.173,1.398,16,-8,-8
117.522,0.506,-0.173,1.413,16,-8,-8
117.573,0.506,-0.173,1.413,16,-8,-9
117.624,0.506,-0.173,1.431,16,-8,-8
117.675,0.554,-0.109,1.440,16,-8,-8
117.726,0.554,-0.109,1.444,16,-9,-9
117.778,0.554,-0.109,1.444,16,-8,-8
117.830,0.554,-0.109,1.420,16,-4,-10
117.881,0.554,-0.109,1.431,16,-1,-11
117.932,0.554,-0.109,1.434,16,-2,-13
117.983,0.586,-0.021,1.430,16,-4,-12
118.034,0.586,-0.021,1.430,16,-4,-13
118.085,0.586,-0.021,1.431,16,-3,-13
118.138,0.586,-0.021,1.445,17,-3,-13
118.190,0.586,-0.021,1.445,16,1,-14
118.242,0.586,-0.021,1.455,16,0,-15
118.294,0.586,-0.021,1.455,16,-1,-15
118.396,0.586,-0.021,1.449,16,2,-15
118.447,0.586,-0.021,1.447,15,1,-15
118.499,0.586,-0.021,1.423,16,4,-15
118.550,0.602,0.088,1.423,16,5,-15
118.602,0.602,0.088,1.403,14,-5,-16
118.654,0.602,0.088,1.415,0,1,-16
118.706,0.602,0.088,1.480,-9,3,-17
118.758,0.602,0.088,1.516,-11,1,-16
118.809,0.602,0.088,1.572,-12,-1,-16
118.861,0.608,0.198,1.639,-14,1,-16
118.912,0.608,0.198,1.746,-14,3,-15
118.963,0.608,0.198,1.855,-15,-5,-15
119.014,0.608,0.198,1.855,-15,-9,-12
119.065,0.608,0.198,1.972,-15,-9,-11
119.116,0.608,0.198,2.078,-15,-10,-10
119.167,0.597,0.311,2.195,-15,-9,-8
119.218,0.597,0.311,2.311,-15,-8,-8
119.269,0.597,0.311,2.311,-16,-9,-8
119.320,0.597,0.311,2.421,-15,-9,-8
119.371,0.597,0.311,2.541,-15,-8,-8
119.422,0.568,0.399,2.645,-15,-8,-8
119.473,0.568,0.399,2.645,-15,-8,-8
119.524,0.568,0.399,2.758,-16,-8,-7
119.575,0.568,0.399,2.876,-15,-8,-8
119.626,0.568,0.399,2.963,-16,-8,-8
119.677,0.568,0.399,3.091,-16,-8,-7
119.728,0.533,0.444,3.091,-15,-8,-8
119.780,0.533,0.444,3.185,-16,9,8
119.831,0.533,0.444,3.220,-14,12,12
119.883,0.533,0.444,3.182,-15,10,12
119.934,0.533,0.444,3.153,-15,11,12
119.985,0.505,0.453,3.153,-16,9,13
120.036,0.505,0.453,3.144,-16,9,12
120.087,0.505,0.453,3.132,-15,9,11
120.138,0.505,0.453,3.116,-16,7,12
120.240,0.505,0.453,3.118,-16,8,11
120.291,0.499,0.444,3.111,-15,7,11
120.342,0.499,0.444,3.115,-16,7,10
120.393,0.499,0.444,3.103,-16,7,11
120.444,0.499,0.444,3.103,-16,7,10
120.495,0.499,0.444,3.113,-15,7,10
120.546,0.499,0.444,3.101,-16,6,11
120.597,0.534,0.430,3.117,-16,7,10
120.648,0.534,0.430,3.117,-16,6,10
120.699,0.534,0.430,3.107,-16,7,10
120.750,0.534,0.430,3.096,-15,6,10
120.801,0.534,0.430,3.098,-17,6,10
120.854,0.602,0.416,3.092,-16,5,12
120.906,0.602,0.416,3.092,-16,-1,13
120.958,0.602,0.416,3.118,-16,-7,14
121.009,0.602,0.416,3.142,-16,-9,14
121.060,0.602,0.416,3.181,-16,-9,15
121.111,0.602,0.416,3.223,-16,-8,15
121.162,0.688,0.408,3.223,-16,-8,15
121.213,0.688,0.408,3.259,-16,-8,15
121.265,0.688,0.408,3.260,-5,-11,15
121.316,0.688,0.408,3.296,2,-13,15
121.367,0.688,0.408,3.296,-3,-14,15
121.418,0.688,0.408,3.288,-2,-14,14
121.469,0.782,0.411,3.307,0,-14,15
121.520,0.782,0.411,3.299,0,-15,15
121.571,0.782,0.411,3.278,0,-14,14
121.622,0.782,0.411,3.278,0,-14,14
121.673,0.782,0.411,3.293,0,-15,15
121.724,0.854,0.435,3.306,1,-14,14
121.775,0.854,0.435,3.281,0,-15,14
121.826,0.854,0.435,3.281,0,-14,15
121.877,0.854,0.435,3.295,0,-14,14
121.928,0.854,0.435,3.270,0,-14,14
121.979,0.854,0.435,3.273,0,-15,15
122.030,0.905,0.486,3.277,0,-14,14
122.081,0.905,0.486,3.277,0,-14,14
122.132,0.905,0.486,3.267,0,-14,15
122.183,0.905,0.486,3.280,0,-15,14
122.234,0.905,0.486,3.284,0,-14,14
122.285,0.942,0.560,3.276,0,-14,15
122.338,0.942,0.560,3.276,-11,-9,14
122.389,0.942,0.560,3.280,-15,-6,16
122.440,0.942,0.560,3.275,-14,-8,14
122.491,0.942,0.560,3.316,-15,-7,15
122.542,0.942,0.560,3.316,-15,-7,15
122.593,0.958,0.645,3.324,-16,-5,16
122.644,0.958,0.645,3.348,-16,-6,15
122.695,0.958,0.645,3.349,-15,-6,15
122.746,0.958,0.645,3.381,-16,-6,16
122.797,0.958,0.645,3.381,-16,-6,15
122.848,0.958,0.645,3.380,-15,-7,15
122.899,0.973,0.727,3.426,-16,-6,16
122.950,0.973,0.727,3.427,-16,-6,15
123.001,0.973,0.727,3.427,-15,-6,16
123.052,0.973,0.727,3.454,-16,-6,16
123.104,0.973,0.727,3.463,-16,-2,16
123.155,0.997,0.806,3.455,-16,9,14
123.206,0.997,0.806,3.451,-15,11,14
123.257,0.997,0.806,3.451,-16,10,11
123.359,0.997,0.806,3.382,-16,11,10
123.410,0.997,0.806,3.371,-17,12,1
123.463,1.036,0.879,3.356,-16,14,0
123.515,1.036,0.879,3.356,-17,16,-1
123.568,1.036,0.879,3.369,-16,15,-6
123.620,1.036,0.879,3.397,-16,15,-8
123.671,1.036,0.879,3.420,-16,15,-8
123.722,1.036,0.879,3.453,-15,15,-9
123.773,1.094,0.935,3.453,-16,16,-8
123.824,1.094,0.935,3.478,-16,15,-7
123.875,1.094,0.935,3.509,-16,15,-8
123.977,1.094,0.935,3.550,-15,15,-7
124.028,1.173,0.958,3.573,-15,16,-8
124.080,1.173,0.958,3.611,-15,15,-10
124.131,1.173,0.958,3.669,-15,16,-9
124.182,1.173,0.958,3.694,-14,15,-9
124.234,1.173,0.958,3.694,-13,16,-11
124.285,1.173,0.958,3.748,-11,16,-11
124.337,1.257,0.948,3.794,-9,15,-11
124.439,1.257,0.948,3.850,-6,16,-12
124.490,1.257,0.948,3.850,-5,15,-11
124.541,1.257,0.948,3.865,-5,16,-12
124.592,1.343,0.910,3.860,-4,16,-12
124.695,1.343,0.910,3.900,-1,15,-12
124.746,1.343,0.910,3.904,3,16,-13
124.797,1.343,0.910,3.880,2,15,-13
124.848,1.343,0.910,3.893,0,15,-14
124.899,1.426,0.847,3.899,0,15,-14
124.950,1.426,0.847,3.899,-1,15,-14
125.001,1.426,0.847,3.885,0,16,-14
125.052,1.426,0.847,3.884,0,15,-13
125.103,1.426,0.847,3.881,0,15,-14
125.154,1.426,0.847,3.881,0,15,-14
125.205,1.491,0.783,3.878,0,15,-14
125.256,1.491,0.783,3.849,0,15,-14
125.307,1.491,0.783,3.831,0,15,-14
125.358,1.491,0.783,3.826,0,15,-14
125.461,1.541,0.720,3.806,3,15,-14
125.513,1.541,0.720,3.771,6,15,-14
125.564,1.541,0.720,3.749,8,14,-15
125.615,1.541,0.720,3.692,8,14,-15
125.666,1.541,0.720,3.692,8,13,-16
125.717,1.541,0.720,3.673,7,13,-15
125.768,1.583,0.643,3.613,7,12,-16
125.819,1.583,0.643,3.608,0,13,-14
125.870,1.583,0.643,3.608,-1,14,-16
125.921,1.583,0.643,3.595,0,14,-14
125.972,1.583,0.643,3.599,1,14,-15
126.023,1.583,0.643,3.565,1,14,-14
126.074,1.611,0.551,3.563,0,14,-15
126.125,1.611,0.551,3.563,0,15,-14
126.176,1.611,0.551,3.548,0,14,-15
126.228,1.611,0.551,3.557,10,10,-14
126.279,1.611,0.551,3.560,13,8,-16
126.330,1.630,0.470,3.560,13,8,-14
126.381,1.630,0.470,3.550,14,7,-15
126.432,1.630,0.470,3.519,14,8,-16
126.483,1.630,0.470,3.495,15,7,-15
126.534,1.630,0.470,3.493,14,8,-16
126.585,1.630,0.470,3.493,15,8,-15
126.636,1.648,0.380,3.476,14,8,-16
126.687,1.648,0.380,3.470,14,7,-15
126.738,1.648,0.380,3.465,15,7,-16
126.789,1.648,0.380,3.466,14,7,-16
126.840,1.648,0.380,3.466,15,7,-15
126.891,1.647,0.292,3.454,14,7,-16
126.942,1.647,0.292,3.439,14,7,-16
126.993,1.647,0.292,3.430,15,7,-16
127.044,1.647,0.292,3.430,14,7,-15
127.095,1.647,0.292,3.424,14,7,-16
127.146,1.647,0.292,3.406,15,8,-16
127.197,1.631,0.218,3.420,14,5,-16
127.248,1.631,0.218,3.416,15,4,-16
127.299,1.631,0.218,3.416,15,3,-16
127.350,1.631,0.218,3.414,15,4,-16
127.401,1.631,0.218,3.409,15,3,-15
127.452,1.631,0.218,3.404,16,5,-17
127.504,1.600,0.136,3.404,15,-1,-16
127.556,1.600,0.136,3.407,15,-8,-15
127.607,1.600,0.136,3.431,15,-10,-13
127.658,1.600,0.136,3.478,15,-11,-12
127.709,1.600,0.136,3.500,16,-11,-11
127.760,1.546,0.060,3.500,15,-10,-10
127.811,1.546,0.060,3.519,16,-10,-10
127.862,1.546,0.060,3.540,15,-10,-9
127.913,1.546,0.060,3.582,16,-9,-9
127.964,1.546,0.060,3.578,15,-9,-9
128.015,1.546,0.060,3.578,16,-9,-9
128.066,1.472,0.000,3.598,16,-9,-8
128.117,1.472,0.000,3.609,15,-9,-9
128.221,1.472,0.000,3.602,16,-12,1
128.273,1.472,0.000,3.608,15,-14,8
128.324,1.472,0.000,3.594,16,-13,8
128.375,1.390,-0.039,3.575,16,-15,8
128.426,1.390,-0.039,3.539,16,-14,8
128.477,1.390,-0.039,3.539,16,-15,9
128.528,1.390,-0.039,3.510,15,-15,7
128.579,1.390,-0.039,3.482,16,-15,7
128.630,1.301,-0.060,3.454,16,-15,7
128.681,1.301,-0.060,3.449,16,-15,7
128.732,1.301,-0.060,3.432,16,-15,7
128.783,1.301,-0.060,3.396,15,-16,7
128.834,1.301,-0.060,3.355,16,-15,6
128.885,1.301,-0.060,3.350,17,-15,6
128.938,1.217,-0.049,3.350,15,-15,-7
128.989,1.217,-0.049,3.333,16,-13,-11
129.040,1.217,-0.049,3.343,15,-12,-10
129.091,1.217,-0.049,3.347,16,-11,-10
129.142,1.217,-0.049,3.376,16,-10,-10
129.193,1.145,-0.008,3.376,16,-10,-10
129.244,1.145,-0.008,3.384,16,-9,-9
129.295,1.145,-0.008,3.391,16,-9,-10
129.346,1.145,-0.008,3.387,16,-9,-9
129.397,1.145,-0.008,3.387,15,-8,-9
129.448,1.145,-0.008,3.401,16,-9,-8
129.499,1.080,0.037,3.397,16,-8,-10
129.551,1.080,0.037,3.386,16,0,-12
129.602,1.080,0.037,3.386,16,6,-13
129.705,1.080,0.037,3.357,15,11,-15
129.756,1.080,0.037,3.310,15,11,-15
129.807,1.005,0.084,3.289,13,13,-15
129.858,1.005,0.084,3.234,12,12,-15
129.909,1.005,0.084,3.234,11,13,-16
129.960,1.005,0.084,3.190,11,12,-16
130.011,1.005,0.084,3.170,9,12,-15
130.062,0.926,0.100,3.150,10,12,-16
130.113,0.926,0.100,3.150,8,12,-15
130.164,0.926,0.100,3.120,8,11,-15
130.215,0.926,0.100,3.107,9,11,-16
130.266,0.926,0.100,3.096,8,11,-15
130.317,0.926,0.100,3.070,9,11,-16
130.368,0.847,0.078,3.070,12,7,-16
130.470,0.847,0.078,3.044,14,-11,-8
130.521,0.847,0.078,3.038,15,-13,-4
130.572,0.847,0.078,3.038,14,-13,-5
130.623,0.847,0.078,3.026,15,-14,-6
130.674,0.771,0.033,3.042,15,-14,-6
130.725,0.771,0.033,3.045,16,-14,-5
130.776,0.771,0.033,3.031,15,-13,-5
130.827,0.771,0.033,3.031,16,-14,-4
130.878,0.771,0.033,3.047,15,-14,-5
130.929,0.707,-0.015,3.063,16,-14,-4
130.980,0.707,-0.015,3.050,15,-13,-4
131.031,0.707,-0.015,3.050,16,-14,-5
131.082,0.707,-0.015,3.049,15,-13,-4
131.133,0.707,-0.015,3.056,16,-13,-3
131.184,0.707,-0.015,3.049,15,-14,-4
131.235,0.638,-0.036,3.037,16,-13,-5
131.286,0.638,-0.036,3.037,15,-13,-4
131.337,0.638,-0.036,3.047,16,-13,-4
131.388,0.638,-0.036,3.038,16,-13,-4
131.439,0.638,-0.036,3.036,16,-13,-4
131.490,0.638,-0.036,3.023,15,-14,4
131.541,0.566,-0.029,3.023,17,-14,8
131.592,0.566,-0.029,2.995,15,-14,7
131.643,0.566,-0.029,2.982,16,-15,8
131.745,0.566,-0.029,2.939,16,-15,7
131.796,0.482,0.007,2.915,17,-16,0
131.850,0.482,0.007,2.900,15,-14,-8
131.901,0.482,0.007,2.934,15,-13,-10
131.952,0.482,0.007,2.945,16,-11,-10
132.004,0.482,0.007,2.945,17,2,-13
132.055,0.482,0.007,2.958,16,7,-14
132.106,0.406,0.064,2.949,16,7,-15
132.157,0.406,0.064,2.910,16,9,-15
132.208,0.406,0.064,2.862,15,9,-15
132.259,0.406,0.064,2.862,16,8,-16
132.310,0.406,0.064,2.849,16,7,-16
132.361,0.338,0.119,2.797,16,8,-15
132.412,0.338,0.119,2.787,16,7,-16
132.463,0.338,0.119,2.787,15,8,-16
132.514,0.338,0.119,2.758,16,7,-16
132.565,0.338,0.119,2.726,16,6,-16
132.616,0.338,0.119,2.716,5,11,-15
132.667,0.263,0.150,2.697,-1,13,-16
132.718,0.263,0.150,2.697,4,13,-15
132.769,0.263,0.150,2.704,2,14,-15
132.871,0.263,0.150,2.692,-2,14,-15
132.922,0.263,0.150,2.692,-10,14,-13
132.973,0.168,0.163,2.709,-13,15,-11
133.024,0.168,0.163,2.721,-13,14,-9
133.126,0.168,0.163,2.765,-15,15,-8
133.177,0.168,0.163,2.765,-14,15,-6
133.228,0.088,0.142,2.774,-14,16,-7
133.279,0.088,0.142,2.802,-15,15,-6
133.330,0.088,0.142,2.810,-15,15,-6
133.381,0.088,0.142,2.810,-15,15,-7
133.432,0.088,0.142,2.830,-15,15,-6
133.483,0.088,0.142,2.836,-15,15,-6
133.534,0.034,0.083,2.850,-16,16,-7
133.586,0.034,0.083,2.869,1,15,-11
133.637,0.034,0.083,2.869,-1,15,-13
133.688,0.034,0.083,2.885,-2,15,-13
133.739,0.034,0.083,2.867,2,15,-14
133.790,0.034,0.083,2.860,0,15,-14
133.841,0.017,0.016,2.851,-1,15,-14
133.892,0.017,0.016,2.851,0,15,-14
133.943,0.017,0.016,2.839,1,14,-14
133.994,0.017,0.016,2.848,0,15,-15
134.045,0.017,0.016,2.834,0,15,-14
134.096,0.043,-0.070,2.834,0,15,-14
134.147,0.043,-0.070,2.832,0,14,-14
134.198,0.043,-0.070,2.813,0,15,-15
134.249,0.043,-0.070,2.826,0,15,-14
134.300,0.043,-0.070,2.820,0,14,-14
134.351,0.043,-0.070,2.820,0,15,-14
134.402,0.062,-0.158,2.809,0,14,-14
134.453,0.062,-0.158,2.818,0,15,-14
134.504,0.062,-0.158,2.789,0,15,-14
134.555,0.062,-0.158,2.789,0,14,-14
134.606,0.062,-0.158,2.800,0,14,-14
134.657,0.062,-0.158,2.793,-1,15,-14
134.708,0.067,-0.245,2.786,0,14,-14
134.759,0.067,-0.245,2.777,0,15,-14
134.810,0.067,-0.245,2.777,0,14,-14
134.861,0.067,-0.245,2.794,0,15,-15
134.912,0.067,-0.245,2.793,0,14,-14
134.963,0.041,-0.329,2.786,0,14,-14
135.014,0.041,-0.329,2.769,0,14,-14
135.065,0.041,-0.329,2.769,0,15,-14
135.116,0.041,-0.329,2.765,0,14,-13
135.167,0.041,-0.329,2.777,0,14,-14
135.218,0.041,-0.329,2.775,0,15,-14
135.269,0.027,-0.415,2.775,0,14,-14
135.320,0.027,-0.415,2.787,0,14,-15
135.372,0.027,-0.415,2.781,-11,15,-8
135.423,0.027,-0.415,2.766,-14,15,-5
135.474,0.027,-0.415,2.780,-15,14,-7
135.525,0.010,-0.509,2.780,-16,15,-6
135.576,0.010,-0.509,2.814,-15,15,-6
135.627,0.010,-0.509,2.818,-16,15,-6
135.678,0.010,-0.509,2.841,-15,16,-6
135.729,0.010,-0.509,2.841,-16,15,-6
135.780,0.010,-0.509,2.858,-16,15,-6
135.831,-0.003,-0.591,2.897,-16,16,-7
135.883,-0.003,-0.591,2.901,-15,15,-9
135.934,-0.003,-0.591,2.952,-2,16,-12
135.985,-0.003,-0.591,2.952,2,15,-14
136.036,-0.003,-0.591,2.955,-5,15,-14
136.087,-0.003,-0.591,2.950,-1,15,-14
136.138,0.015,-0.678,2.960,2,15,-14
136.189,0.015,-0.678,2.950,1,15,-14
136.240,0.015,-0.678,2.950,0,14,-15
136.291,0.015,-0.678,2.966,-3,15,-14
136.342,0.015,-0.678,2.965,-1,15,-14
136.393,0.034,-0.760,2.971,1,15,-15
136.444,0.034,-0.760,2.971,0,15,-14
136.496,0.034,-0.760,2.957,10,9,-15
136.547,0.034,-0.760,2.961,14,7,-15
136.598,0.034,-0.760,2.953,14,7,-15
136.650,0.034,-0.760,2.938,15,-8,-13
136.701,0.058,-0.841,2.938,15,-10,-11
136.752,0.058,-0.841,2.957,15,-9,-10
136.803,0.058,-0.841,2.969,16,-10,-9
136.906,0.058,-0.841,2.965,16,-15,11
136.957,0.058,-0.841,2.957,10,-14,11
137.009,0.071,-0.925,2.948,3,-15,13
137.061,0.071,-0.925,2.929,-1,-15,14
137.112,0.071,-0.925,2.946,0,-15,14
137.163,0.071,-0.925,2.946,0,-14,15
137.214,0.071,-0.925,2.915,0,-15,15
137.265,0.051,-0.983,2.916,0,-14,15
137.316,0.051,-0.983,2.925,1,-15,15
137.367,0.051,-0.983,2.916,0,-14,14
137.418,0.051,-0.983,2.916,0,-14,15
137.469,0.051,-0.983,2.916,0,-15,15
137.520,0.051,-0.983,2.914,0,-14,14
137.571,0.000,-0.999,2.922,0,-15,15
137.622,0.000,-0.999,2.922,0,-14,15
137.673,0.000,-0.999,2.917,0,-14,14
137.724,0.000,-0.999,2.895,0,-15,15
137.775,0.000,-0.999,2.893,0,-14,14
137.826,0.000,-0.999,2.905,0,-14,14
137.877,-0.037,-0.957,2.905,0,-14,15
137.928,-0.037,-0.957,2.893,0,-15,14
137.979,-0.037,-0.957,2.896,0,-14,15
138.030,-0.037,-0.957,2.898,0,-14,14
138.081,-0.037,-0.957,2.898,0,-15,14
138.132,-0.051,-0.887,2.922,0,-14,15
138.183,-0.051,-0.887,2.913,0,-14,14
138.234,-0.051,-0.887,2.908,0,-14,14
138.285,-0.051,-0.887,2.911,0,-15,15
138.336,-0.051,-0.887,2.911,0,-14,14
138.387,-0.051,-0.887,2.911,0,-14,14
138.438,-0.043,-0.796,2.909,0,-14,15
138.489,-0.043,-0.796,2.897,0,-15,14
138.540,-0.043,-0.796,2.916,0,-14,14
138.591,-0.043,-0.796,2.916,0,-14,15
138.642,-0.043,-0.796,2.921,0,-14,14
138.694,-0.014,-0.708,2.940,9,-14,12
138.745,-0.014,-0.708,2.916,13,-15,8
138.796,-0.014,-0.708,2.916,15,-15,7
138.847,-0.014,-0.708,2.868,15,-15,6
138.898,-0.014,-0.708,2.883,15,-15,5
138.949,-0.014,-0.708,2.856,16,-15,6
139.000,0.006,-0.634,2.858,15,-15,6
139.051,0.006,-0.634,2.858,15,-15,6
139.102,0.006,-0.634,2.836,16,-15,5
139.153,0.006,-0.634,2.804,15,-15,6
139.204,0.006,-0.634,2.798,16,-15,6
139.255,0.006,-0.634,2.798,15,-15,6
139.306,0.002,-0.548,2.787,16,-16,6
139.408,0.002,-0.548,2.735,15,-15,6
139.459,0.002,-0.548,2.753,16,-16,5
139.561,-0.012,-0.466,2.713,15,-15,6
139.613,-0.012,-0.466,2.701,5,-15,10
139.664,-0.012,-0.466,2.696,-2,-15,12
139.715,-0.012,-0.466,2.698,1,-15,13
139.766,-0.012,-0.466,2.698,2,-15,14
139.817,-0.012,-0.466,2.707,0,-15,14
139.868,-0.041,-0.386,2.715,0,-15,14
139.919,-0.041,-0.386,2.728,-1,-15,14
139.970,-0.041,-0.386,2.728,0,-14,14
140.021,-0.041,-0.386,2.742,0,-15,15
140.072,-0.041,-0.386,2.751,0,-15,14
140.123,-0.041,-0.386,2.754,0,-15,14
140.174,-0.081,-0.306,2.756,0,-14,14
140.225,-0.081,-0.306,2.756,0,-15,14
140.276,-0.081,-0.306,2.753,0,-15,14
140.327,-0.081,-0.306,2.775,0,-14,14
140.429,-0.105,-0.230,2.763,10,-13,12
140.480,-0.105,-0.230,2.780,14,-15,8
140.531,-0.105,-0.230,2.783,14,-15,8
140.582,-0.105,-0.230,2.774,15,-15,7
140.633,-0.105,-0.230,2.743,15,-16,7
140.684,-0.105,-0.230,2.743,15,-15,7
140.735,-0.095,-0.152,2.728,15,-15,7
140.786,-0.095,-0.152,2.711,15,-15,7
140.837,-0.095,-0.152,2.709,15,-16,6
140.888,-0.095,-0.152,2.709,15,-15,8
140.939,-0.095,-0.152,2.696,15,-16,7
140.990,-0.095,-0.152,2.687,15,-15,6
141.041,-0.093,-0.069,2.667,15,-15,7
141.092,-0.093,-0.069,2.645,15,-16,7
141.143,-0.093,-0.069,2.645,15,-15,7
141.194,-0.093,-0.069,2.620,15,-15,7
141.245,-0.093,-0.069,2.642,14,-16,7
141.296,-0.079,0.018,2.627,15,-15,7
141.347,-0.079,0.018,2.622,15,-16,7
141.398,-0.079,0.018,2.622,15,-16,6
141.449,-0.079,0.018,2.625,15,-16,7
141.500,-0.079,0.018,2.600,15,-15,6
141.551,-0.079,0.018,2.592,15,-16,5
141.602,-0.075,0.111,2.592,16,-16,5
141.653,-0.075,0.111,2.565,16,-16,6
141.704,-0.075,0.111,2.564,15,-15,6
141.755,-0.075,0.111,2.544,16,-16,6
141.806,-0.075,0.111,2.543,15,-16,6
141.857,-0.129,0.205,2.543,16,-16,7
141.908,-0.129,0.205,2.533,15,-16,5
141.959,-0.129,0.205,2.515,15,-15,7
142.010,-0.129,0.205,2.518,16,-16,-1
142.062,-0.129,0.205,2.518,15,-16,-8
142.113,-0.129,0.205,2.533,15,-15,-10
142.164,-0.132,0.267,2.585,16,-14,-10
142.215,-0.132,0.267,2.619,15,-13,-10
142.266,-0.132,0.267,2.658,16,-12,-10
142.318,-0.132,0.267,2.658,16,-14,5
142.369,-0.132,0.267,2.670,16,-14,8
142.420,-0.132,0.267,2.682,16,-15,5
142.471,-0.140,0.363,2.660,16,-15,6
142.522,-0.140,0.363,2.628,15,-15,8
142.573,-0.140,0.363,2.628,16,-16,7
142.624,-0.140,0.363,2.621,16,-15,7
142.675,-0.140,0.363,2.594,16,-16,6
142.726,-0.162,0.458,2.574,16,-15,7
142.777,-0.162,0.458,2.574,16,-16,6
142.828,-0.162,0.458,2.562,16,-15,7
142.879,-0.162,0.458,2.530,15,-16,7
142.930,-0.162,0.458,2.535,16,-15,5
142.981,-0.162,0.458,2.503,16,-16,7
143.032,-0.150,0.557,2.503,16,-15,6
143.084,-0.150,0.557,2.487,16,-15,-8
143.135,-0.150,0.557,2.491,15,-14,-11
143.186,-0.150,0.557,2.516,16,3,-12
143.237,-0.150,0.557,2.516,16,4,-14
143.288,-0.150,0.557,2.541,16,1,-15
143.339,-0.167,0.676,2.541,15,5,-15
143.390,-0.167,0.676,2.511,16,8,-16
143.441,-0.167,0.676,2.518,16,7,-16
143.492,-0.167,0.676,2.518,16,7,-15
143.543,-0.167,0.676,2.497,16,6,-16
143.594,-0.188,0.765,2.512,15,5,-16
143.645,-0.188,0.765,2.478,16,7,-16
143.696,-0.188,0.765,2.478,16,6,-16
143.747,-0.188,0.765,2.478,16,6,-16
143.798,-0.188,0.765,2.463,16,6,-16
143.849,-0.188,0.765,2.443,16,6,-16
143.900,-0.219,0.833,2.409,16,6,-15
143.951,-0.219,0.833,2.409,16,6,-17
144.002,-0.219,0.833,2.414,16,6,-15
144.053,-0.219,0.833,2.389,16,6,-17
144.105,-0.219,0.833,2.375,4,10,-16
144.156,-0.219,0.833,2.374,5,13,-15
144.207,-0.268,0.888,2.374,5,14,-16
144.258,-0.268,0.888,2.360,2,13,-15
144.309,-0.268,0.888,2.360,2,13,-15
144.360,-0.268,0.888,2.344,2,14,-15
144.411,-0.268,0.888,2.344,2,14,-15
144.462,-0.341,0.943,2.344,0,14,-15
144.513,-0.341,0.943,2.358,0,14,-16
144.564,-0.341,0.943,2.348,0,15,-15
144.615,-0.341,0.943,2.349,0,14,-15
144.666,-0.341,0.943,2.349,0,14,-15
144.717,-0.341,0.943,2.353,0,14,-15
144.819,-0.429,0.962,2.357,0,14,-14
144.870,-0.429,0.962,2.357,0,14,-15
144.921,-0.429,0.962,2.351,0,14,-15
144.972,-0.429,0.962,2.362,0,14,-15
145.023,-0.429,0.962,2.347,0,14,-15
145.074,-0.512,0.972,2.341,0,15,-15
145.125,-0.512,0.972,2.341,0,14,-14
145.176,-0.512,0.972,2.341,0,14,-15
145.227,-0.512,0.972,2.345,0,14,-14
145.278,-0.512,0.972,2.339,0,14,-15
145.329,-0.599,0.959,2.336,0,14,-14
145.380,-0.599,0.959,2.336,0,14,-14
145.431,-0.599,0.959,2.349,0,14,-15
145.482,-0.599,0.959,2.333,0,14,-14
145.533,-0.599,0.959,2.322,0,14,-15
145.584,-0.599,0.959,2.322,0,15,-14
145.635,-0.685,0.931,2.328,0,14,-14
145.686,-0.685,0.931,2.344,0,14,-15
145.737,-0.685,0.931,2.337,0,14,-14
145.789,-0.685,0.931,2.350,-10,15,-10
145.840,-0.685,0.931,2.350,-13,14,-7
145.891,-0.768,0.898,2.354,-14,15,-8
145.942,-0.768,0.898,2.376,-14,14,-7
145.993,-0.768,0.898,2.392,-15,16,-7
146.045,-0.768,0.898,2.392,-15,15,-6
146.096,-0.768,0.898,2.429,-15,15,-6
146.147,-0.768,0.898,2.448,-15,15,-7
146.198,-0.846,0.862,2.476,-16,15,-6
146.249,-0.846,0.862,2.486,-15,15,-5
146.300,-0.846,0.862,2.486,-15,15,-6
146.351,-0.846,0.862,2.509,-15,16,-7
146.402,-0.846,0.862,2.531,-15,15,-6
146.504,-0.908,0.812,2.581,-15,16,-6
146.555,-0.908,0.812,2.581,-16,15,-6
146.606,-0.908,0.812,2.591,-15,15,-6
146.657,-0.908,0.812,2.623,-15,16,-6
146.708,-0.908,0.812,2.654,-16,15,-6
146.759,-0.961,0.743,2.654,-15,16,-6
146.810,-0.961,0.743,2.664,-16,15,-7
146.861,-0.961,0.743,2.706,-15,16,-6
146.912,-0.961,0.743,2.716,-15,15,-6
146.963,-0.961,0.743,2.743,-16,16,-6
147.014,-0.961,0.743,2.743,-16,15,-6
147.065,-0.992,0.660,2.765,-15,16,-6
147.116,-0.992,0.660,2.803,-16,15,-6
147.167,-0.992,0.660,2.813,-15,16,-6
147.218,-0.992,0.660,2.813,-16,16,-6
147.269,-0.992,0.660,2.837,-15,15,-6
147.320,-0.992,0.660,2.871,-16,16,-7
147.371,-1.008,0.562,2.902,-16,16,-6
147.422,-1.008,0.562,2.921,-15,15,-6
147.473,-1.008,0.562,2.921,-16,16,-6
147.524,-1.008,0.562,2.953,-15,16,-6
147.575,-1.008,0.562,2.971,-16,15,-6
147.626,-1.024,0.466,2.989,-16,16,-6
147.677,-1.024,0.466,2.989,-16,16,-6
147.728,-1.024,0.466,3.016,-15,16,-6
147.779,-1.024,0.466,3.055,-16,16,-6
147.830,-1.024,0.466,3.058,-16,15,-7
147.881,-1.024,0.466,3.091,-15,16,-6
147.932,-1.023,0.376,3.091,-16,16,-6
147.983,-1.023,0.376,3.115,-15,16,-6
148.034,-1.023,0.376,3.143,-16,16,-6
148.085,-1.023,0.376,3.163,-16,15,-6
148.136,-1.023,0.376,3.196,-16,16,-6
148.187,-1.023,0.376,3.196,-15,16,-6
148.238,-1.030,0.296,3.210,-16,16,-6
148.289,-1.030,0.296,3.240,-16,16,-6
148.340,-1.030,0.296,3.236,-15,16,-7
148.391,-1.030,0.296,3.236,-16,16,-5
148.442,-1.030,0.296,3.275,-16,16,-7
148.493,-1.008,0.192,3.306,-16,15,-7
148.544,-1.008,0.192,3.328,-15,16,-6
148.595,-1.008,0.192,3.342,-16,16,-6
148.646,-1.008,0.192,3.342,-16,16,-6
148.697,-1.008,0.192,3.340,-16,16,-6
148.748,-1.008,0.192,3.375,-15,16,-6
148.799,-0.986,0.093,3.389,-16,16,-6
148.850,-0.986,0.093,3.389,-16,16,-6
148.901,-0.986,0.093,3.398,-15,16,-7
148.952,-0.986,0.093,3.407,-4,15,-11
149.003,-0.986,0.093,3.425,4,16,-13
149.054,-0.955,-0.011,3.426,-2,16,-13
149.105,-0.955,-0.011,3.426,-2,15,-14
149.156,-0.955,-0.011,3.430,0,16,-14
149.207,-0.955,-0.011,3.423,0,15,-14
149.258,-0.955,-0.011,3.431,0,16,-14
149.309,-0.955,-0.011,3.431,0,15,-14
149.360,-0.909,-0.117,3.451,0,16,-15
149.412,-0.909,-0.117,3.443,7,16,-9
149.464,-0.909,-0.117,3.407,13,17,3
149.515,-0.909,-0.117,3.292,15,16,2
149.566,-0.909,-0.117,3.292,14,16,2
149.617,-0.909,-0.117,3.174,16,16,2
149.668,-0.891,-0.194,3.091,15,16,2
149.719,-0.891,-0.194,2.981,15,16,2
149.770,-0.891,-0.194,2.886,15,16,2
149.821,-0.891,-0.194,2.886,15,16,1
149.872,-0.891,-0.194,2.772,15,16,3
149.923,-0.868,-0.265,2.681,15,16,1
149.975,-0.868,-0.265,2.586,-9,16,-5
150.026,-0.868,-0.265,2.586,-16,15,-8
150.077,-0.868,-0.265,2.562,-14,15,-8
150.128,-0.868,-0.265,2.593,-14,16,-7
150.179,-0.868,-0.265,2.600,-15,15,-7
150.230,-0.865,-0.321,2.637,-15,16,-6
150.281,-0.865,-0.321,2.637,-16,16,-7
150.332,-0.865,-0.321,2.653,-15,16,-6
150.383,-0.865,-0.321,2.687,-16,16,-6
150.434,-0.865,-0.321,2.721,-15,16,-6
150.485,-0.865,-0.321,2.721,-16,16,-7
150.536,-0.878,-0.376,2.719,-15,16,-6
150.587,-0.878,-0.376,2.748,-16,16,-5
150.690,-0.878,-0.376,2.783,-15,16,0
150.741,-0.878,-0.376,2.783,-16,16,6
150.792,-0.903,-0.434,2.748,-15,15,10
150.843,-0.903,-0.434,2.741,-15,15,11
150.894,-0.903,-0.434,2.688,-16,13,11
150.945,-0.903,-0.434,2.669,-16,13,10
150.996,-0.903,-0.434,2.669,-16,12,10
151.047,-0.903,-0.434,2.652,-16,12,10
151.099,-0.927,-0.510,2.630,-16,7,12
151.204,-0.927,-0.510,2.643,-16,-5,14
151.255,-0.927,-0.510,2.643,-16,-7,15
151.306,-0.927,-0.510,2.658,-16,-8,15
151.357,-0.934,-0.598,2.680,-16,-7,15
151.408,-0.934,-0.598,2.688,-16,-7,15
151.459,-0.934,-0.598,2.688,-16,-6,16
151.510,-0.934,-0.598,2.707,-16,-7,15
151.561,-0.934,-0.598,2.713,-16,-6,15
151.612,-0.934,-0.598,2.721,-16,-7,16
151.663,-0.915,-0.681,2.705,-16,-6,15
151.714,-0.915,-0.681,2.705,-16,-6,16
151.765,-0.915,-0.681,2.705,-16,-6,15
151.816,-0.915,-0.681,2.690,-16,-6,16
151.867,-0.915,-0.681,2.674,-16,-6,15
151.918,-0.915,-0.681,2.674,-16,-6,16
151.969,-0.858,-0.747,2.670,-16,-7,15
152.020,-0.858,-0.747,2.663,-16,-6,16
152.071,-0.858,-0.747,2.639,-16,-6,16
152.122,-0.858,-0.747,2.615,-16,-6,15
152.173,-0.858,-0.747,2.615,-16,-5,16
152.224,-0.779,-0.785,2.598,-16,-6,16
152.275,-0.779,-0.785,2.586,-16,-6,15
152.326,-0.779,-0.785,2.549,-16,-6,16
152.377,-0.779,-0.785,2.549,-16,-7,16
152.428,-0.779,-0.785,2.555,-16,-6,16
152.479,-0.779,-0.785,2.534,-16,-6,16
152.530,-0.693,-0.805,2.541,-16,-5,16
152.581,-0.693,-0.805,2.514,-16,-6,16
152.632,-0.693,-0.805,2.514,-16,-6,16
152.683,-0.693,-0.805,2.520,-16,-6,16
152.734,-0.693,-0.805,2.527,-17,-6,16
152.785,-0.693,-0.805,2.520,-16,-6,16
152.836,-0.605,-0.829,2.510,-16,-6,16
152.887,-0.605,-0.829,2.510,-16,-6,16
152.938,-0.605,-0.829,2.527,-16,-5,16
152.989,-0.605,-0.829,2.537,-16,-7,16
153.040,-0.605,-0.829,2.537,-16,-6,15
153.091,-0.518,-0.839,2.537,-16,-5,16
153.142,-0.518,-0.839,2.550,-16,-6,16
153.193,-0.518,-0.839,2.550,-16,-6,16
153.244,-0.518,-0.839,2.548,-17,-6,16
153.295,-0.518,-0.839,2.571,-16,-6,16
153.346,-0.518,-0.839,2.571,-16,-6,17
153.397,-0.431,-0.838,2.593,-16,-6,16
153.448,-0.431,-0.838,2.611,-16,-6,16
153.499,-0.431,-0.838,2.612,-16,-6,16
153.550,-0.431,-0.838,2.612,-16,-6,16
153.601,-0.431,-0.838,2.630,-16,-6,16
153.652,-0.431,-0.838,2.658,-16,-6,16
153.703,-0.341,-0.830,2.673,-16,-6,16
153.754,-0.341,-0.830,2.681,-17,-5,16
153.805,-0.341,-0.830,2.681,-16,-6,17
153.856,-0.341,-0.830,2.693,-16,-6,16
153.907,-0.341,-0.830,2.722,-16,-6,16
153.958,-0.247,-0.802,2.735,-16,-6,16
154.009,-0.247,-0.802,2.735,-16,-6,16
154.060,-0.247,-0.802,2.750,-16,-6,16
154.112,-0.247,-0.802,2.770,-17,8,16
154.163,-0.247,-0.802,2.750,-15,11,15
154.214,-0.247,-0.802,2.723,-16,11,14
154.265,-0.158,-0.771,2.723,-16,10,12
154.316,-0.158,-0.771,2.693,-16,11,12
154.367,-0.158,-0.771,2.674,-17,10,11
154.418,-0.158,-0.771,2.664,-16,10,11
154.469,-0.158,-0.771,2.645,-16,10,10
154.520,-0.158,-0.771,2.645,-16,10,10
154.572,-0.067,-0.737,2.616,-17,-6,12
154.623,-0.067,-0.737,2.625,-16,-9,15
154.674,-0.067,-0.737,2.665,-17,-7,14
154.726,-0.067,-0.737,2.665,-15,-10,15
154.777,-0.067,-0.737,2.689,-6,-12,15
154.828,0.028,-0.715,2.711,0,-13,15
154.879,0.028,-0.715,2.717,-2,-14,16
154.930,0.028,-0.715,2.722,-1,-14,14
154.981,0.028,-0.715,2.722,-2,-15,15
155.032,0.028,-0.715,2.744,-1,-14,14
155.083,0.028,-0.715,2.751,-1,-15,15
155.134,0.119,-0.702,2.738,-9,-13,14
155.185,0.119,-0.702,2.738,-15,-10,15
155.236,0.119,-0.702,2.738,-14,-7,15
155.287,0.119,-0.702,2.817,-16,-8,16
155.338,0.119,-0.702,2.858,-16,-6,15
155.389,0.193,-0.675,2.882,-15,-6,15
155.440,0.193,-0.675,2.882,-16,-6,16
155.491,0.193,-0.675,2.925,-16,-6,15
155.594,0.193,-0.675,2.995,-16,-5,16
155.645,0.193,-0.675,3.005,-15,4,15
155.696,0.252,-0.635,3.005,-16,9,14
155.747,0.252,-0.635,3.005,-15,10,12
155.798,0.252,-0.635,3.007,-16,11,11
155.849,0.252,-0.635,2.997,-16,10,9
155.900,0.252,-0.635,2.997,-15,10,9
155.951,0.252,-0.635,3.017,-16,10,10
156.002,0.315,-0.583,3.016,-16,10,8
156.053,0.315,-0.583,3.014,-16,10,9
156.104,0.315,-0.583,3.034,-16,9,9
156.155,0.315,-0.583,3.034,-16,9,8
156.207,0.315,-0.583,3.046,-16,-5,13
156.258,0.377,-0.538,3.063,-16,-10,13
156.309,0.377,-0.538,3.124,-16,-7,14
156.360,0.377,-0.538,3.124,-16,-8,15
156.411,0.377,-0.538,3.187,-16,-7,15
156.463,0.377,-0.538,3.192,-16,-11,16
156.514,0.377,-0.538,3.244,-4,-11,15
156.565,0.461,-0.520,3.272,2,-14,15
156.616,0.461,-0.520,3.272,-2,-13,15
156.667,0.461,-0.520,3.261,0,-15,14
156.718,0.461,-0.520,3.272,0,-14,15
156.769,0.461,-0.520,3.277,1,-14,15
156.820,0.461,-0.520,3.292,-1,-14,14
156.871,0.560,-0.513,3.292,5,-15,14
156.922,0.560,-0.513,3.291,12,-14,8
156.973,0.560,-0.513,3.260,14,-15,6
157.024,0.560,-0.513,3.235,15,-15,6
157.075,0.560,-0.513,3.235,15,-15,5
157.126,0.622,-0.484,3.221,15,-15,6
157.178,0.622,-0.484,3.187,16,-16,0
157.230,0.622,-0.484,3.187,15,-16,-3
157.281,0.622,-0.484,3.174,15,-15,-3
157.333,0.622,-0.484,3.174,16,-15,5
157.384,0.622,-0.484,3.174,16,-15,8
157.435,0.665,-0.434,3.125,1,-15,11
157.486,0.665,-0.434,3.110,-11,-13,13
157.537,0.665,-0.434,3.091,-14,-11,15
157.588,0.665,-0.434,3.091,-14,-10,14
157.639,0.665,-0.434,3.103,-14,-8,15
157.690,0.665,-0.363,3.147,-15,-8,15
157.741,0.665,-0.363,3.184,-15,-7,16
157.792,0.665,-0.363,3.184,-15,-7,15
157.843,0.665,-0.363,3.231,-15,-7,16
157.894,0.665,-0.363,3.241,-16,-6,15
157.945,0.665,-0.363,3.288,-15,-6,16
157.996,0.646,-0.289,3.322,-16,-7,15
158.047,0.646,-0.289,3.322,-15,-7,16
158.098,0.646,-0.289,3.338,-15,-6,16
158.149,0.646,-0.289,3.380,-2,-10,15
158.200,0.646,-0.289,3.394,-1,-12,15
158.251,0.646,-0.289,3.394,-2,-13,16
158.302,0.651,-0.222,3.376,2,-14,15
158.353,0.651,-0.222,3.389,0,-14,15
158.404,0.651,-0.222,3.371,-2,-14,15
158.455,0.651,-0.222,3.381,0,-14,14
158.506,0.651,-0.222,3.381,0,-14,15
158.557,0.670,-0.156,3.384,1,-14,15
158.608,0.670,-0.156,3.366,0,-14,15
158.659,0.670,-0.156,3.364,0,-14,15
158.710,0.670,-0.156,3.364,0,-15,14
158.761,0.670,-0.156,3.364,0,-14,15
158.812,0.670,-0.156,3.344,0,-14,15
158.863,0.710,-0.085,3.344,0,-14,15
158.914,0.710,-0.085,3.343,0,-14,14
158.965,0.710,-0.085,3.343,0,-14,14
159.016,0.710,-0.085,3.335,0,-15,15
159.119,0.710,-0.085,3.338,6,-14,13
159.170,0.744,-0.007,3.306,13,-15,9
159.221,0.744,-0.007,3.306,14,-14,5
159.272,0.744,-0.007,3.286,15,-15,7
159.323,0.744,-0.007,3.247,15,-15,6
159.374,0.744,-0.007,3.227,15,-15,7
159.425,0.764,0.076,3.227,15,-15,5
159.476,0.764,0.076,3.206,16,-15,7
159.527,0.764,0.076,3.181,15,-16,6
159.578,0.764,0.076,3.148,15,-15,6
159.629,0.764,0.076,3.120,16,-15,6
159.680,0.764,0.076,3.120,15,-15,7
159.731,0.754,0.159,3.101,16,-16,5
159.782,0.754,0.159,3.085,15,-15,6
159.833,0.754,0.159,3.037,16,-15,7
159.884,0.754,0.159,3.037,15,-16,6
159.935,0.754,0.159,3.027,16,-15,6
159.986,0.754,0.159,2.982,15,-16,6
160.037,0.738,0.242,2.983,16,-15,6
160.088,0.738,0.242,2.941,16,-16,5
160.139,0.738,0.242,2.941,15,-15,6
160.190,0.738,0.242,2.930,16,-16,6
160.241,0.738,0.242,2.912,16,-16,6
160.292,0.708,0.322,2.881,15,-15,6
160.343,0.708,0.322,2.855,16,-16,6
160.394,0.708,0.322,2.855,16,-15,6
160.445,0.708,0.322,2.850,16,-16,6
160.496,0.708,0.322,2.820,15,-16,6
160.547,0.708,0.322,2.807,16,-16,6
160.598,0.661,0.405,2.807,16,-15,6
160.649,0.661,0.405,2.770,16,-16,6
160.700,0.661,0.405,2.748,16,-16,6
160.751,0.661,0.405,2.723,16,-16,5
160.803,0.661,0.405,2.729,15,-15,-6
160.854,0.661,0.405,2.729,16,-15,-9
160.905,0.622,0.492,2.745,15,-14,-10
160.956,0.622,0.492,2.773,16,-13,-10
161.007,0.622,0.492,2.792,16,-13,-10
161.058,0.622,0.492,2.792,15,-11,-10
161.109,0.622,0.492,2.814,16,-11,-10
161.160,0.584,0.586,2.840,16,-10,-10
161.211,0.584,0.586,2.848,16,-10,-9
161.262,0.584,0.586,2.857,16,-9,-9
161.313,0.584,0.586,2.857,16,-10,-10
161.365,0.584,0.586,2.863,16,-9,-9
161.416,0.584,0.586,2.879,16,-11,-5
161.519,0.544,0.671,2.857,17,-13,5
161.570,0.544,0.671,2.857,16,-15,8
161.621,0.544,0.671,2.822,16,-14,10
161.672,0.544,0.671,2.782,3,-15,12
161.723,0.492,0.744,2.755,3,-15,14
161.774,0.492,0.744,2.755,4,-14,14
161.825,0.492,0.744,2.749,1,-15,15
161.876,0.492,0.744,2.731,2,-14,15
161.927,0.492,0.744,2.722,1,-15,14
161.978,0.492,0.744,2.727,-10,-8,15
162.029,0.437,0.810,2.727,-15,-5,16
162.081,0.437,0.810,2.712,-14,2,15
162.132,0.437,0.810,2.715,-14,9,14
162.183,0.437,0.810,2.714,-15,9,12
162.234,0.437,0.810,2.714,-15,9,11
162.285,0.437,0.810,2.697,-15,10,10
162.336,0.412,0.874,2.693,-15,10,9
162.387,0.412,0.874,2.663,-15,9,9
162.438,0.412,0.874,2.645,-16,10,9
162.489,0.412,0.874,2.645,-15,9,9
162.540,0.412,0.874,2.647,-16,10,8
162.591,0.412,0.926,2.646,-15,9,9
162.642,0.412,0.926,2.636,-16,9,8
162.693,0.412,0.926,2.642,-16,9,8
162.744,0.412,0.926,2.642,-15,8,8
162.795,0.412,0.926,2.623,-16,9,8
162.846,0.412,0.926,2.630,-15,8,9
162.898,0.450,0.950,2.624,-16,-4,12
162.949,0.450,0.950,2.624,-16,-8,13
163.000,0.450,0.950,2.636,-16,-8,15
163.051,0.450,0.950,2.664,-15,-7,15
163.102,0.450,0.950,2.698,-16,-9,14
163.153,0.450,0.950,2.742,-16,-8,16
163.204,0.518,0.951,2.742,-15,-7,15
163.255,0.518,0.951,2.753,-16,-8,16
163.306,0.518,0.951,2.774,-16,-7,15
163.358,0.518,0.951,2.810,-16,8,14
163.409,0.518,0.951,2.810,-16,11,12
163.460,0.582,0.924,2.827,-15,13,-1
163.512,0.582,0.924,2.825,-16,14,-5
163.563,0.582,0.924,2.845,-16,14,-1
163.614,0.582,0.924,2.850,-16,15,-3
163.665,0.582,0.924,2.850,-16,15,-4
163.716,0.582,0.924,2.842,-16,16,-4
163.768,0.664,0.903,2.869,-16,16,-2
163.820,0.664,0.903,2.873,-16,15,2
163.872,0.664,0.903,2.858,-15,14,8
163.923,0.664,0.903,2.858,-16,13,10
163.974,0.664,0.903,2.830,-16,12,10
164.025,0.739,0.872,2.808,-16,11,10
164.076,0.739,0.872,2.808,-16,10,9
164.127,0.739,0.872,2.808,-16,10,10
164.178,0.739,0.872,2.784,-16,10,8
164.229,0.739,0.872,2.788,-16,9,9
164.280,0.739,0.872,2.778,-16,9,9
164.382,0.810,0.832,2.768,-16,9,9
164.433,0.810,0.832,2.757,-16,9,8
164.484,0.810,0.832,2.760,-16,8,9
164.535,0.810,0.832,2.749,-16,8,8
164.586,0.810,0.832,2.767,-16,8,8
164.637,0.876,0.784,2.767,-16,9,8
164.688,0.876,0.784,2.760,-16,8,8
164.739,0.876,0.784,2.761,-16,8,8
164.790,0.876,0.784,2.749,-16,9,8
164.841,0.876,0.784,2.749,-16,8,8
164.892,0.932,0.712,2.772,-16,9,8
164.943,0.932,0.712,2.776,-16,8,9
164.994,0.932,0.712,2.758,-16,8,8
165.045,0.932,0.712,2.767,-16,9,8
165.096,0.932,0.712,2.767,-16,8,8
165.147,0.932,0.712,2.774,-16,8,8
165.198,1.001,0.658,2.778,-17,8,9
165.251,1.001,0.658,2.782,-16,12,-7
165.302,1.001,0.658,2.782,-16,13,-9
165.353,1.001,0.658,2.818,-16,14,-8
165.404,1.001,0.658,2.879,-16,15,-8
165.455,1.001,0.658,2.916,-16,14,-9
165.506,1.088,0.628,2.958,-16,15,-8
165.558,1.088,0.628,2.958,-6,15,-11
165.609,1.088,0.628,2.996,-1,15,-14
165.660,1.088,0.628,3.014,-2,15,-13
165.711,1.088,0.628,3.010,-4,14,-15
165.762,1.153,0.573,3.025,-2,14,-14
165.813,1.153,0.573,3.025,-2,14,-14
165.864,1.153,0.573,3.042,0,15,-15
165.915,1.153,0.573,3.022,-1,14,-14
165.966,1.153,0.573,3.038,0,15,-15
166.017,1.153,0.573,3.038,-1,14,-14
166.068,1.197,0.508,3.051,0,14,-15
166.119,1.197,0.508,3.031,-1,14,-14
166.170,1.197,0.508,3.047,0,15,-15
166.221,1.197,0.508,3.036,0,14,-14
166.272,1.197,0.508,3.036,0,14,-15
166.323,1.197,0.508,3.039,0,15,-14
166.375,1.212,0.433,3.046,11,8,-15
166.426,1.212,0.433,3.065,14,6,-15
166.528,1.212,0.433,3.017,14,8,-15
166.579,1.212,0.433,3.006,0,12,-15
166.630,1.184,0.332,2.987,1,12,-15
166.682,1.184,0.332,2.997,-10,15,-10
166.733,1.184,0.332,2.997,-14,14,-7
166.784,1.184,0.332,2.990,-14,15,-7
166.835,1.184,0.332,3.014,-15,14,-8
166.886,1.184,0.332,3.038,-16,15,-7
166.937,1.136,0.257,3.067,-15,16,-7
166.988,1.136,0.257,3.067,-16,15,-6
167.039,1.136,0.257,3.083,-15,15,-6
167.090,1.136,0.257,3.127,-16,16,-3
167.142,1.136,0.257,3.120,-15,15,1
167.193,1.110,0.189,3.120,-16,16,2
167.245,1.110,0.189,3.127,-14,15,-7
167.297,1.110,0.189,3.137,-3,15,-12
167.348,1.110,0.189,3.143,-1,15,-13
167.399,1.110,0.189,3.157,-3,15,-13
167.450,1.110,0.189,3.157,0,14,-14
167.501,1.087,0.118,3.156,0,15,-14
167.552,1.087,0.118,3.160,1,15,-14
167.603,1.087,0.118,3.151,0,15,-15
167.654,1.087,0.118,3.151,0,14,-14
167.705,1.087,0.118,3.151,0,15,-14
167.756,1.087,0.118,3.139,0,14,-14
167.807,1.074,0.043,3.145,0,15,-14
167.858,1.074,0.043,3.138,0,14,-14
167.909,1.074,0.043,3.138,0,15,-14
167.960,1.074,0.043,3.142,0,14,-14
168.011,1.074,0.043,3.149,0,15,-14
168.062,1.087,-0.042,3.146,0,14,-14
168.113,1.087,-0.042,3.126,0,15,-15
168.164,1.087,-0.042,3.126,0,14,-14
168.215,1.087,-0.042,3.136,0,14,-14
168.266,1.087,-0.042,3.126,1,15,-15
168.317,1.087,-0.042,3.150,0,14,-14
168.368,1.076,-0.128,3.150,0,14,-14
168.419,1.076,-0.128,3.140,0,14,-14
168.470,1.076,-0.128,3.126,0,15,-15
168.521,1.076,-0.128,3.140,0,14,-14
168.572,1.076,-0.128,3.132,0,14,-14
168.623,1.076,-0.128,3.132,0,14,-14
168.674,1.063,-0.214,3.138,0,15,-14
168.776,1.063,-0.214,3.132,0,14,-14
168.827,1.063,-0.214,3.132,-11,15,-9
168.878,1.063,-0.214,3.130,-14,15,-6
168.929,1.043,-0.299,3.134,-15,14,-7
169.031,1.043,-0.299,3.178,-16,16,-7
169.082,1.043,-0.299,3.178,-1,14,-10
169.133,1.043,-0.299,3.203,-1,15,-13
169.184,1.043,-0.299,3.210,-1,15,-13
169.235,1.015,-0.382,3.192,0,15,-14
169.286,1.015,-0.382,3.192,1,14,-14
169.337,1.015,-0.382,3.185,1,15,-15
169.388,1.015,-0.382,3.184,-1,14,-14
169.439,1.015,-0.382,3.171,0,15,-15
169.490,1.015,-0.382,3.172,0,15,-14
169.541,1.000,-0.464,3.172,0,14,-14
169.592,1.000,-0.464,3.168,0,15,-14
169.643,1.000,-0.464,3.163,0,14,-15
169.694,1.000,-0.464,3.160,0,14,-14
169.796,0.989,-0.546,3.151,10,9,-15
169.847,0.989,-0.546,3.162,15,6,-15
169.900,0.989,-0.546,3.141,15,-5,-14
169.952,0.989,-0.546,3.132,15,-11,-12
170.003,0.989,-0.546,3.132,15,-9,-11
170.054,0.989,-0.546,3.153,15,-10,-9
170.105,0.971,-0.621,3.185,16,-10,-9
170.156,0.971,-0.621,3.173,15,-9,-8
170.207,0.971,-0.621,3.184,16,-10,-9
170.259,0.971,-0.621,3.184,16,-4,-10
170.310,0.971,-0.621,3.180,16,7,-13
170.361,0.944,-0.700,3.164,4,12,-14
170.413,0.944,-0.700,3.122,3,13,-14
170.464,0.944,-0.700,3.089,4,14,-14
170.515,0.944,-0.700,3.089,0,15,-14
170.566,0.944,-0.700,3.090,0,14,-15
170.617,0.944,-0.700,3.089,-1,15,-14
170.668,0.893,-0.746,3.072,0,15,-14
170.719,0.893,-0.746,3.072,0,14,-14
170.770,0.893,-0.746,3.073,0,15,-15
170.821,0.893,-0.746,3.063,1,15,-14
170.872,0.893,-0.746,3.057,0,15,-14
170.923,0.893,-0.746,3.047,0,14,-14
170.974,0.831,-0.784,3.047,0,15,-14
171.025,0.831,-0.784,3.047,0,15,-14
171.076,0.831,-0.784,3.047,0,14,-14
171.178,0.831,-0.784,3.030,7,13,-14
171.229,0.774,-0.839,3.037,13,9,-14
171.280,0.774,-0.839,2.974,14,6,-16
171.331,0.774,-0.839,2.946,15,7,-15
171.382,0.774,-0.839,2.926,16,7,-15
171.433,0.774,-0.839,2.926,15,7,-15
171.484,0.774,-0.839,2.886,15,6,-16
171.535,0.739,-0.889,2.846,15,6,-15
171.586,0.739,-0.889,2.802,16,6,-15
171.637,0.739,-0.889,2.795,15,6,-16
171.688,0.739,-0.889,2.795,15,8,-15
171.739,0.739,-0.889,2.732,16,6,-16
171.790,0.739,-0.889,2.711,16,6,-16
171.841,0.709,-0.969,2.664,15,6,-15
171.892,0.709,-0.969,2.664,16,7,-16
171.943,0.709,-0.969,2.641,15,6,-16
171.994,0.709,-0.969,2.597,16,6,-16
172.045,0.709,-0.969,2.563,15,6,-15
172.096,0.664,-1.016,2.559,16,5,-16
172.147,0.664,-1.016,2.559,16,6,-16
172.198,0.664,-1.016,2.500,15,6,-16
172.249,0.664,-1.016,2.476,16,6,-15
172.300,0.664,-1.016,2.463,16,6,-16
172.351,0.664,-1.016,2.463,15,7,-16
172.402,0.611,-1.063,2.406,16,6,-16
172.453,0.611,-1.063,2.400,16,6,-16
172.504,0.611,-1.063,2.378,15,6,-16
172.555,0.611,-1.063,2.344,16,6,-16
172.606,0.611,-1.063,2.344,16,5,-16
172.657,0.611,-1.063,2.323,16,6,-16
172.708,0.521,-1.094,2.287,15,6,-16
172.759,0.521,-1.094,2.283,16,6,-16
172.810,0.521,-1.094,2.283,16,6,-16
172.861,0.521,-1.094,2.262,15,6,-16
172.912,0.521,-1.094,2.238,16,5,-16
172.963,0.424,-1.111,2.235,16,6,-16
173.014,0.424,-1.111,2.212,16,6,-16
173.065,0.424,-1.111,2.212,16,6,-16
173.116,0.424,-1.111,2.203,16,7,-16
173.167,0.424,-1.111,2.163,16,7,-16
173.219,0.424,-1.111,2.164,4,10,-16
173.270,0.328,-1.139,2.158,5,13,-16
173.321,0.328,-1.139,2.158,3,14,-15
173.372,0.328,-1.139,2.141,1,14,-16
173.423,0.328,-1.139,2.163,1,14,-15
173.474,0.328,-1.139,2.165,2,14,-15
173.525,0.226,-1.132,2.165,3,14,-15
173.576,0.226,-1.132,2.161,1,14,-15
173.627,0.226,-1.132,2.173,1,14,-16
173.729,0.226,-1.132,2.209,0,15,-15
173.831,0.134,-1.132,2.195,14,5,-16
173.882,0.134,-1.132,2.205,14,-8,-14
173.933,0.134,-1.132,2.224,15,-13,-6
173.985,0.134,-1.132,2.224,16,-13,7
174.036,0.134,-1.132,2.195,16,-15,8
174.087,0.134,-1.132,2.132,15,-14,6
174.138,0.047,-1.146,2.103,16,-15,8
174.189,0.047,-1.146,2.077,15,-15,7
174.240,0.047,-1.146,2.077,16,-15,7
174.291,0.047,-1.146,2.052,16,-16,6
174.342,0.047,-1.146,2.020,15,-15,7
174.393,-0.024,-1.154,1.986,16,-15,6
174.444,-0.024,-1.154,1.967,16,-16,7
174.495,-0.024,-1.154,1.967,16,-15,6
174.546,-0.024,-1.154,1.925,15,-16,0
174.598,-0.024,-1.154,1.926,16,-15,-7
174.649,-0.024,-1.154,1.944,15,-13,-10
174.700,-0.059,-1.150,1.944,16,-13,-10
174.751,-0.059,-1.150,1.986,15,-12,-11
174.802,-0.059,-1.150,2.000,16,-11,-10
174.853,-0.059,-1.150,2.013,16,-10,-10
174.904,-0.059,-1.150,2.042,16,-10,-10
174.955,-0.059,-1.150,2.042,16,-10,-9
175.006,-0.076,-1.113,2.060,16,-10,-9
175.057,-0.076,-1.113,2.064,15,-9,-8
175.108,-0.076,-1.113,2.065,16,-9,-9
175.159,-0.076,-1.113,2.065,16,-9,-9
175.210,-0.076,-1.113,2.077,16,-9,-9
175.262,-0.090,-1.033,2.087,16,1,-12
175.314,-0.090,-1.033,2.070,16,6,-13
175.365,-0.090,-1.033,2.061,17,9,-14
175.416,-0.090,-1.033,2.061,15,9,-15
175.467,-0.090,-1.033,2.027,16,9,-15
175.518,-0.090,-1.033,2.020,16,8,-16
175.569,-0.106,-0.954,2.000,16,9,-15
175.620,-0.106,-0.954,1.984,15,7,-16
175.671,-0.106,-0.954,1.984,16,7,-15
175.722,-0.106,-0.954,1.979,16,7,-16
175.773,-0.106,-0.954,1.973,16,6,-15
175.824,-0.166,-0.885,1.964,16,8,-16
175.875,-0.166,-0.885,1.964,16,6,-16
175.926,-0.166,-0.885,1.966,15,6,-15
175.977,-0.166,-0.885,1.976,16,6,-16
176.028,-0.166,-0.885,1.987,16,6,-16
176.079,-0.166,-0.885,1.983,16,6,-15
176.130,-0.238,-0.830,1.983,16,6,-16
176.181,-0.238,-0.830,1.993,15,7,-16
176.232,-0.238,-0.830,2.008,17,5,-16
176.283,-0.238,-0.830,2.014,16,6,-16
176.334,-0.238,-0.830,2.014,15,6,-15
176.385,-0.238,-0.830,2.030,17,6,-16
176.436,-0.311,-0.793,2.041,16,6,-16
176.487,-0.311,-0.793,2.071,16,7,-16
176.538,-0.311,-0.793,2.076,16,6,-16
176.589,-0.311,-0.793,2.076,16,5,-16
176.640,-0.311,-0.793,2.081,16,6,-16
176.691,-0.396,-0.760,2.082,16,6,-16
176.742,-0.396,-0.760,2.097,16,6,-16
176.793,-0.396,-0.760,2.097,16,6,-16
176.844,-0.396,-0.760,2.093,16,7,-16
176.895,-0.396,-0.760,2.098,16,6,-16
176.946,-0.396,-0.760,2.091,16,6,-16
176.997,-0.472,-0.714,2.104,16,6,-16
177.048,-0.472,-0.714,2.104,16,5,-16
177.099,-0.472,-0.714,2.091,16,6,-16
177.150,-0.472,-0.714,2.092,16,6,-16
177.201,-0.472,-0.714,2.071,16,6,-16
177.252,-0.472,-0.714,2.072,16,6,-16
177.303,-0.549,-0.659,2.072,16,6,-17
177.354,-0.549,-0.659,2.062,17,6,-16
177.405,-0.549,-0.659,2.041,16,6,-16
177.456,-0.549,-0.659,2.022,16,6,-16
177.507,-0.549,-0.659,2.022,16,7,-17
177.558,-0.621,-0.594,2.006,16,6,-16
177.609,-0.621,-0.594,1.989,16,5,-16
177.660,-0.621,-0.594,1.976,16,6,-16
177.711,-0.621,-0.594,1.941,17,6,-16
177.762,-0.621,-0.594,1.941,16,6,-17
177.813,-0.621,-0.594,1.914,16,7,-15
177.864,-0.683,-0.526,1.909,16,6,-17
177.915,-0.683,-0.526,1.891,16,5,-16
177.966,-0.683,-0.526,1.891,16,7,-16
178.017,-0.683,-0.526,1.842,16,7,-16
178.068,-0.683,-0.526,1.827,16,6,-16
178.119,-0.683,-0.526,1.781,16,6,-17
178.170,-0.745,-0.445,1.780,16,6,-16
178.221,-0.745,-0.445,1.780,16,5,-16
178.272,-0.745,-0.445,1.741,16,5,-16
178.323,-0.745,-0.445,1.725,16,6,-16
178.374,-0.745,-0.445,1.703,16,6,-17
178.425,-0.806,-0.367,1.703,16,5,-16
178.476,-0.806,-0.367,1.664,16,7,-16
178.527,-0.806,-0.367,1.659,16,6,-16
178.578,-0.806,-0.367,1.634,17,5,-16
178.629,-0.806,-0.367,1.591,16,6,-16
178.680,-0.806,-0.367,1.591,15,7,-16
178.731,-0.863,-0.290,1.558,17,6,-16
178.782,-0.863,-0.290,1.544,15,7,-16
178.833,-0.863,-0.290,1.515,16,6,-16
178.884,-0.863,-0.290,1.480,16,6,-16
178.935,-0.863,-0.290,1.480,16,5,-16
178.986,-0.863,-0.290,1.460,16,7,-16
179.037,-0.913,-0.200,1.433,16,6,-16
179.088,-0.913,-0.200,1.422,16,5,-17
179.139,-0.913,-0.200,1.422,15,10,-16
179.190,-0.913,-0.200,1.374,7,12,-15
179.241,-0.913,-0.200,1.364,3,13,-16
179.292,-0.954,-0.119,1.366,5,14,-16
179.343,-0.954,-0.119,1.355,3,14,-15
179.394,-0.954,-0.119,1.355,3,14,-16
179.445,-0.954,-0.119,1.345,1,14,-15
179.496,-0.954,-0.119,1.337,0,14,-16
179.547,-0.954,-0.119,1.337,1,14,-15
179.598,-0.974,-0.031,1.337,0,14,-16
179.649,-0.974,-0.031,1.313,0,14,-15
179.700,-0.974,-0.031,1.322,0,14,-15
179.751,-0.974,-0.031,1.316,0,15,-15
179.802,-0.974,-0.031,1.296,0,14,-15
179.853,-0.974,-0.031,1.296,0,14,-15
179.904,-1.011,0.046,1.322,0,14,-15
179.955,-1.011,0.046,1.317,0,14,-15
180.006,-1.011,0.046,1.317,0,14,-15
180.057,-1.011,0.046,1.317,0,14,-15
180.108,-1.011,0.046,1.317,0,15,-15
180.159,-1.068,0.116,1.310,0,14,-15
180.210,-1.068,0.116,1.314,0,14,-15
180.262,-1.068,0.116,1.309,-11,14,-12
180.313,-1.068,0.116,1.309,-13,15,-8
180.364,-1.068,0.116,1.338,-15,14,-8
180.415,-1.068,0.116,1.348,-15,15,-6
180.466,-1.116,0.178,1.371,-16,16,-7
180.571,-1.116,0.178,1.371,-16,16,0
180.622,-1.116,0.178,1.381,-15,15,0
180.674,-1.116,0.178,1.372,-16,15,0
180.725,-1.204,0.225,1.363,-16,15,0
180.776,-1.204,0.225,1.373,-16,16,0
180.827,-1.204,0.225,1.373,-15,15,0
180.879,-1.204,0.225,1.367,-16,15,0
180.930,-1.204,0.225,1.372,-16,15,0
180.981,-1.204,0.225,1.357,-15,15,0
181.032,-1.278,0.254,1.357,-16,16,0
181.083,-1.278,0.254,1.365,-16,15,0
181.134,-1.278,0.254,1.367,-16,15,0
181.185,-1.278,0.254,1.375,-16,15,-1
181.236,-1.278,0.254,1.368,-15,15,0
181.287,-1.278,0.254,1.368,-16,1,-10
181.338,-1.345,0.249,1.420,-17,0,-15
181.389,-1.345,0.249,1.537,-16,1,-15
181.440,-1.345,0.249,1.643,-16,-1,-15
181.491,-1.345,0.249,1.643,-15,0,-16
181.542,-1.345,0.249,1.747,-16,1,-16
181.593,-1.424,0.219,1.838,-16,-2,-15
181.645,-1.424,0.219,1.948,-16,-6,-14
181.696,-1.424,0.219,2.087,-16,-9,-12
181.747,-1.424,0.219,2.087,-16,-9,-10
181.798,-1.424,0.219,2.215,-16,-9,-9
181.849,-1.424,0.219,2.343,-15,-9,-9
181.900,-1.496,0.181,2.444,-16,-9,-7
181.951,-1.496,0.181,2.561,-16,-7,-8
182.002,-1.496,0.181,2.561,-16,-9,-8
182.053,-1.496,0.181,2.673,-16,-8,-8
182.104,-1.496,0.181,2.779,-15,-8,-8
182.155,-1.496,0.181,2.900,-16,-8,-7
182.206,-1.569,0.156,2.900,-16,-8,-8
182.308,-1.569,0.156,3.122,-16,-9,-5
182.360,-1.569,0.156,3.225,-16,-13,4
182.411,-1.569,0.156,3.305,-16,-14,9
182.462,-1.620,0.142,3.305,-16,-14,8
182.513,-1.620,0.142,3.367,-15,-15,9
182.564,-1.620,0.142,3.439,-17,-14,9
182.615,-1.620,0.142,3.493,-16,-15,8
182.666,-1.620,0.142,3.493,-16,-16,8
182.717,-1.620,0.142,3.584,-16,-14,8
182.768,-1.662,0.142,3.660,-16,-16,8
182.819,-1.662,0.142,3.741,-17,-15,7
182.870,-1.662,0.142,3.801,-16,-15,7
182.921,-1.662,0.142,3.801,-16,-15,7
182.972,-1.662,0.142,3.879,-16,-15,7
183.023,-1.674,0.153,3.963,-16,-16,7
183.074,-1.674,0.153,4.050,-16,-15,7
183.125,-1.674,0.153,4.050,-17,-15,7
183.176,-1.674,0.153,4.159,-16,-16,7
183.227,-1.674,0.153,4.220,-16,-15,6
183.279,-1.674,0.153,4.310,-17,-16,-1
183.331,-1.676,0.181,4.417,-17,-15,-6
183.382,-1.676,0.181,4.417,-16,-13,-9
183.433,-1.676,0.181,4.555,-17,-12,-10
183.484,-1.676,0.181,4.675,-15,-10,-10
183.535,-1.676,0.181,4.807,-17,-10,-10
183.586,-1.676,0.181,4.921,-16,-9,-9
183.637,-1.678,0.225,4.921,-16,-9,-10
183.688,-1.678,0.225,5.050,-16,-9,-8
183.739,-1.678,0.225,5.165,-16,-8,-9
183.790,-1.678,0.225,5.284,-16,-8,-9
183.841,-1.678,0.225,5.284,-16,-8,-8
183.892,-1.670,0.262,5.391,-15,6,6
183.943,-1.670,0.262,5.404,-15,12,12
183.994,-1.670,0.262,5.368,-16,12,12
184.045,-1.670,0.262,5.338,-15,12,-5
184.096,-1.670,0.262,5.338,-17,15,-5
184.147,-1.670,0.262,5.364,-16,15,-5
184.198,-1.665,0.296,5.376,-16,15,-6
184.249,-1.665,0.296,5.406,-16,15,-7
184.300,-1.665,0.296,5.406,-17,16,-7
184.351,-1.665,0.296,5.428,-16,15,-8
184.402,-1.665,0.296,5.450,-16,15,-6
184.453,-1.665,0.296,5.467,-16,16,-6
184.555,-1.656,0.324,5.506,-16,16,-6
184.606,-1.656,0.324,5.516,-17,16,-7
184.659,-1.656,0.324,5.543,-6,16,-11
184.710,-1.656,0.324,5.542,-1,15,-12
184.761,-1.656,0.324,5.538,-4,15,-14
184.812,-1.656,0.324,5.538,-3,15,-14
184.863,-1.656,0.324,5.543,-2,15,-14
184.914,-1.656,0.324,5.559,-2,15,-14
184.965,-1.656,0.324,5.574,-1,15,-14
185.016,-1.656,0.324,5.574,-1,15,-14
185.067,-1.656,0.324,5.575,0,15,-15
185.118,-1.656,0.324,5.564,-1,15,-14
185.169,-1.656,0.324,5.564,-1,15,-14
185.220,-1.656,0.324,5.570,-1,15,-15
185.271,-1.656,0.324,5.570,0,15,-14
185.322,-1.656,0.324,5.564,0,15,-14
185.373,-1.656,0.324,5.553,0,15,-14
185.424,-1.656,0.324,5.558,0,14,-14
185.475,-1.656,0.324,5.558,0,15,-14
185.526,-1.656,0.324,5.569,0,15,-14
185.577,-1.656,0.324,5.553,0,14,-14
185.628,-1.656,0.324,5.574,0,15,-14
185.679,-1.656,0.324,5.569,0,14,-14
185.730,-1.656,0.324,5.569,0,15,-15
185.781,-1.656,0.324,5.584,0,15,-14
185.832,-1.656,0.324,5.563,0,14,-14
185.883,-1.656,0.324,5.563,0,15,-14
185.934,-1.580,0.429,5.569,1,14,-14
185.985,-1.580,0.429,5.569,0,15,-14
186.036,-1.580,0.429,5.574,0,14,-14
186.087,-1.580,0.429,5.563,0,14,-14
186.138,-1.580,0.429,5.594,0,15,-14
186.189,-1.491,0.554,5.594,0,14,-15
186.240,-1.491,0.554,5.594,0,15,-14
186.291,-1.491,0.554,5.604,0,14,-14
186.342,-1.491,0.554,5.594,0,14,-14
186.393,-1.491,0.554,5.603,0,15,-14
186.444,-1.491,0.554,5.603,0,14,-14
186.495,-1.386,0.682,5.599,0,14,-14
186.546,-1.386,0.682,5.604,0,15,-14
186.597,-1.386,0.682,5.598,0,14,-14
186.648,-1.386,0.682,5.598,0,14,-14
186.699,-1.386,0.682,5.609,0,14,-14
186.750,-1.386,0.682,5.614,0,15,-14
186.801,-1.270,0.818,5.630,0,14,-14
186.852,-1.270,0.818,5.633,0,14,-14
186.903,-1.270,0.818,5.633,9,15,-2
186.954,-1.270,0.818,5.567,14,16,2
187.005,-1.270,0.818,5.446,15,16,1
187.107,-1.200,0.872,5.362,15,16,3
187.158,-1.200,0.872,5.225,1,14,-9
187.209,-1.200,0.872,5.199,0,13,-14
187.260,-1.200,0.872,5.212,4,14,-13
187.311,-1.200,0.872,5.194,1,14,-15
187.362,-1.137,0.919,5.194,0,14,-14
187.413,-1.137,0.919,5.210,0,14,-15
187.464,-1.137,0.919,5.216,-1,14,-14
187.515,-1.137,0.919,5.247,-1,15,-15
187.566,-1.137,0.919,5.235,0,14,-14
187.617,-1.137,0.919,5.235,1,14,-14
187.668,-1.078,0.958,5.241,0,14,-15
187.719,-1.078,0.958,5.241,0,15,-14
187.770,-1.078,0.958,5.254,0,14,-14
187.821,-1.078,0.958,5.254,0,14,-15
187.872,-1.078,0.958,5.257,0,14,-14
187.923,-1.009,0.977,5.246,0,15,-14
187.974,-1.009,0.977,5.259,0,14,-14
188.025,-1.009,0.977,5.247,0,14,-14
188.076,-1.009,0.977,5.247,0,14,-14
188.127,-1.009,0.977,5.274,0,14,-14
188.178,-1.009,0.977,5.268,0,14,-14
188.229,-0.941,0.996,5.278,0,14,-14
188.280,-0.941,0.996,5.278,0,15,-15
188.331,-0.941,0.996,5.277,0,14,-14
188.382,-0.941,0.996,5.291,0,14,-14
188.433,-0.941,0.996,5.283,-1,14,-14
188.484,-0.941,0.996,5.295,0,14,-14
188.535,-0.862,1.005,5.295,-1,14,-14
188.586,-0.862,1.005,5.308,0,15,-15
188.637,-0.862,1.005,5.301,0,14,-14
188.688,-0.862,1.005,5.289,0,14,-14
188.739,-0.862,1.005,5.289,0,14,-14
188.790,-0.776,1.016,5.292,0,14,-14
188.841,-0.776,1.016,5.294,0,15,-14
188.892,-0.776,1.016,5.299,0,14,-14
188.943,-0.776,1.016,5.294,0,14,-14
188.994,-0.776,1.016,5.294,0,14,-14
189.045,-0.776,1.016,5.295,0,14,-14
189.096,-0.687,1.025,5.278,0,14,-14
189.147,-0.687,1.025,5.302,0,14,-14
189.198,-0.687,1.025,5.278,0,15,-14
189.249,-0.687,1.025,5.274,0,14,-14
189.300,-0.687,1.025,5.275,0,14,-14
189.351,-0.602,1.037,5.254,0,14,-14
189.402,-0.602,1.037,5.256,0,14,-14
189.453,-0.602,1.037,5.256,0,14,-14
189.504,-0.602,1.037,5.251,0,14,-14
189.555,-0.602,1.037,5.227,1,14,-14
189.606,-0.602,1.037,5.216,0,14,-14
189.657,-0.517,1.053,5.215,0,15,-14
189.708,-0.517,1.053,5.215,0,14,-14
189.759,-0.517,1.053,5.207,1,13,-14
189.810,-0.517,1.053,5.196,0,15,-14
189.861,-0.517,1.053,5.182,0,14,-14
189.912,-0.517,1.053,5.182,0,14,-14
189.963,-0.435,1.066,5.177,0,14,-14
190.014,-0.435,1.066,5.159,0,14,-15
190.065,-0.435,1.066,5.134,0,14,-14
190.116,-0.435,1.066,5.120,0,14,-14
190.167,-0.435,1.066,5.120,0,14,-14
190.218,-0.355,1.086,5.111,0,14,-14
190.269,-0.355,1.086,5.089,0,14,-14
190.320,-0.355,1.086,5.074,0,15,-15
190.371,-0.355,1.086,5.074,0,14,-14
190.422,-0.355,1.086,5.064,0,14,-14
190.473,-0.355,1.086,5.052,0,14,-14
190.524,-0.269,1.101,5.039,0,14,-14
190.575,-0.269,1.101,5.033,0,14,-14
190.626,-0.269,1.101,5.033,0,14,-14
190.677,-0.269,1.101,5.035,0,14,-14
190.728,-0.269,1.101,5.013,0,15,-14
190.779,-0.269,1.101,5.010,0,14,-14
190.830,-0.183,1.112,4.986,0,14,-14
190.881,-0.183,1.112,4.986,0,14,-14
190.932,-0.183,1.112,4.981,0,14,-15
190.983,-0.183,1.112,4.985,0,14,-14
191.034,-0.183,1.112,4.990,0,14,-14
191.085,-0.096,1.126,4.990,0,15,-14
191.137,-0.096,1.126,4.978,0,14,-14
191.188,-0.096,1.126,4.977,0,14,-14
191.239,-0.096,1.126,4.963,0,14,-15
191.290,-0.096,1.126,4.971,0,14,-14
191.341,-0.096,1.126,4.971,0,14,-14
191.392,-0.012,1.142,4.968,0,14,-14
191.443,-0.012,1.142,4.949,-1,14,-14
191.494,-0.012,1.142,4.954,0,15,-14
191.545,-0.012,1.142,4.954,0,14,-14
191.596,-0.012,1.142,4.970,0,14,-14
191.647,-0.012,1.142,4.964,0,14,-14
191.698,0.069,1.159,4.940,0,14,-15
191.749,0.069,1.159,4.962,0,14,-14
191.800,0.069,1.159,4.962,0,14,-14
191.851,0.069,1.159,4.956,0,14,-14
191.902,0.069,1.159,4.976,0,14,-14
191.953,0.150,1.178,4.965,0,14,-14
192.004,0.150,1.178,4.965,0,14,-14
192.055,0.150,1.178,4.971,-1,14,-14
192.106,0.150,1.178,4.982,0,15,-14
192.157,0.150,1.178,4.962,0,14,-14
192.208,0.150,1.178,4.980,0,14,-14
192.259,0.233,1.197,4.980,0,14,-14
192.310,0.233,1.197,4.986,0,14,-14
192.361,0.233,1.197,4.983,0,14,-14
192.412,0.233,1.197,4.992,0,14,-15
192.463,0.233,1.197,4.996,0,14,-14
192.514,0.316,1.211,4.996,0,14,-14
192.565,0.316,1.211,4.997,0,14,-14
192.616,0.316,1.211,5.004,0,14,-14
192.667,0.316,1.211,5.005,0,14,-14
192.718,0.316,1.211,5.005,0,14,-14
192.769,0.316,1.211,5.020,2,15,-13
192.821,0.400,1.228,5.020,12,15,2
192.872,0.400,1.228,4.908,14,17,3
192.923,0.400,1.228,4.813,15,15,-1
192.974,0.400,1.228,4.813,14,15,-2
193.026,0.400,1.228,4.737,-1,14,-11
193.077,0.400,1.228,4.724,0,13,-14
193.180,0.485,1.243,4.713,4,15,-14
193.231,0.485,1.243,4.713,6,15,-11
193.283,0.485,1.243,4.686,1,15,-13
193.334,0.485,1.243,4.695,1,14,-14
193.385,0.562,1.255,4.692,0,14,-14
193.436,0.562,1.255,4.692,10,16,2
193.487,0.562,1.255,4.644,15,16,2
193.538,0.562,1.255,4.536,15,16,2
193.589,0.562,1.255,4.445,15,15,2
193.640,0.562,1.255,4.336,15,15,1
193.691,0.637,1.260,4.336,15,16,2
193.742,0.637,1.260,4.225,15,15,2
193.793,0.637,1.260,4.127,15,16,2
193.844,0.637,1.260,4.002,15,15,2
193.895,0.637,1.260,4.002,16,16,2
193.946,0.637,1.260,3.909,15,15,1
193.997,0.701,1.257,3.805,15,16,1
194.048,0.701,1.257,3.699,15,15,2
194.099,0.701,1.257,3.588,16,16,2
194.201,0.701,1.257,3.478,16,16,1
194.252,0.746,1.248,3.376,15,16,1
194.303,0.746,1.248,3.250,15,16,2
194.354,0.746,1.248,3.250,15,15,2
194.405,0.746,1.248,3.150,16,16,1
194.456,0.746,1.248,3.022,3,15,-8
194.507,0.746,1.248,3.018,-1,14,-14
194.558,0.775,1.243,3.009,2,14,-14
194.609,0.775,1.243,3.009,1,15,-15
194.660,0.775,1.243,3.014,0,14,-14
194.711,0.775,1.243,3.008,0,15,-15
194.762,0.775,1.243,3.004,0,15,-14
194.813,0.775,1.243,2.996,-1,15,-15
194.864,0.792,1.228,2.996,0,15,-14
194.966,0.792,1.228,2.996,0,15,-14
195.017,0.792,1.228,3.001,-10,14,-9
195.068,0.792,1.228,3.001,-15,16,-6
195.119,0.792,1.193,2.989,-14,14,-8
195.170,0.792,1.193,3.014,-15,16,-6
195.221,0.792,1.193,3.024,-15,15,-7
195.272,0.792,1.193,3.059,-16,15,-7
195.323,0.792,1.193,3.059,-16,16,-6
195.374,0.792,1.193,3.080,-15,15,-7
195.425,0.783,1.134,3.099,-16,16,-6
195.476,0.783,1.134,3.133,-16,15,-6
195.527,0.783,1.134,3.133,-15,16,-6
195.578,0.783,1.134,3.146,-16,15,-6
195.629,0.783,1.134,3.163,-15,16,-6
195.680,0.783,1.134,3.196,-16,15,-6
195.731,0.789,1.054,3.214,-16,16,-7
195.782,0.789,1.054,3.214,-16,15,-5
195.833,0.789,1.054,3.224,-16,16,-6
195.884,0.789,1.054,3.252,-15,16,-6
195.935,0.789,1.054,3.276,-16,15,-6
195.986,0.802,0.970,3.276,-16,16,-5
196.037,0.802,0.970,3.315,-16,16,-6
196.088,0.802,0.970,3.326,-15,15,-7
196.139,0.802,0.970,3.339,-16,16,-6
196.190,0.802,0.970,3.377,-16,16,-6
196.241,0.802,0.970,3.377,-16,15,-6
196.292,0.839,0.885,3.395,-16,16,-6
196.343,0.839,0.885,3.421,-16,16,-5
196.394,0.839,0.885,3.433,-15,16,-7
196.497,0.839,0.885,3.463,-15,16,-9
196.548,0.896,0.812,3.491,-3,15,-12
196.599,0.896,0.812,3.512,-2,16,-13
196.650,0.896,0.812,3.507,-2,15,-14
196.701,0.896,0.812,3.507,-1,16,-13
196.752,0.896,0.812,3.524,0,15,-14
196.803,0.896,0.812,3.526,0,15,-14
196.854,0.956,0.734,3.538,0,16,-14
196.905,0.956,0.734,3.533,0,15,-14
196.956,0.956,0.734,3.533,0,3,0
197.007,0.956,0.734,3.531,0,2,1
197.058,0.956,0.734,3.535,0,3,-1
197.109,0.956,0.734,3.528,0,1,2
197.160,1.011,0.658,3.528,0,1,-1
197.211,1.011,0.658,3.528,0,0,0
197.262,1.011,0.658,3.517,1,10,-9
197.313,1.011,0.658,3.498,0,13,-13
197.364,1.011,0.658,3.523,0,14,-12
197.415,1.050,0.590,3.523,0,14,-14
197.466,1.050,0.590,3.517,0,15,-14
197.517,1.050,0.590,3.518,0,15,-14
197.568,1.050,0.590,3.524,0,15,-15
197.619,1.050,0.590,3.531,0,14,-14
197.670,1.050,0.590,3.531,0,15,-14
197.721,1.080,0.534,3.536,0,15,-15
197.773,1.080,0.534,3.531,-8,15,-13
197.824,1.080,0.534,3.583,-14,15,-10
197.875,1.080,0.534,3.583,0,1,1
197.926,1.080,0.534,3.583,0,1,1
197.977,1.080,0.534,3.550,-1,4,-2
198.028,1.097,0.474,3.550,0,0,0
198.079,1.097,0.474,3.547,0,0,2
198.130,1.097,0.474,3.547,1,-1,0
198.181,1.097,0.474,3.531,0,0,0
198.233,1.097,0.474,3.555,0,6,-6
198.284,1.111,0.420,3.550,0,12,-11
198.335,1.111,0.420,3.550,0,12,-12
198.386,1.111,0.420,3.571,0,14,-14
198.437,1.111,0.420,3.550,0,1,-1
198.488,1.111,0.420,3.564,0,1,0
198.539,1.111,0.420,3.550,0,1,-2
198.590,1.131,0.381,3.550,0,-2,0
198.641,1.131,0.381,3.559,0,0,1
198.692,1.131,0.381,3.557,0,1,0
198.743,1.131,0.381,3.566,0,0,0
198.794,1.131,0.381,3.559,0,0,0
198.845,1.131,0.381,3.559,0,0,0
198.896,1.137,0.333,3.557,0,0,0
198.947,1.137,0.333,3.557,0,0,0
198.998,1.137,0.333,3.573,0,-1,0
199.049,1.137,0.333,3.573,0,0,0
199.100,1.137,0.333,3.566,0,0,0
199.151,1.147,0.304,3.550,0,0,-1
199.202,1.147,0.304,3.566,-1,0,0
199.253,1.147,0.304,3.552,0,0,0
199.304,1.147,0.304,3.552,0,0,0
199.355,1.147,0.304,3.559,0,0,0
199.406,1.147,0.304,3.559,0,10,-9
199.457,1.148,0.288,3.566,0,13,-13
199.508,1.148,0.288,3.566,0,13,-14
199.559,1.148,0.288,3.548,0,14,-14
199.610,1.148,0.288,3.557,0,14,-15
199.662,1.148,0.288,3.559,0,0,-2
199.713,1.148,0.288,3.546,0,1,1
199.764,1.147,0.271,3.546,0,2,0
199.815,1.147,0.271,3.548,0,-2,0
199.866,1.147,0.271,3.561,0,-2,0
199.917,1.147,0.271,3.571,0,1,0
199.968,1.147,0.271,3.571,0,0,1
200.019,1.150,0.248,3.559,0,0,1
200.070,1.150,0.248,3.557,0,0,0
200.121,1.150,0.248,3.555,0,-1,0
200.172,1.150,0.248,3.545,0,0,0
200.223,1.150,0.248,3.545,0,0,0
200.274,1.150,0.248,3.552,0,0,0
200.325,1.151,0.231,3.559,0,0,-1
200.376,1.151,0.231,3.543,0,0,0
200.427,1.151,0.231,3.543,0,0,0
200.478,1.151,0.231,3.543,0,0,0
200.529,1.151,0.231,3.564,0,0,0
200.580,1.154,0.214,3.548,0,0,0
200.631,1.154,0.214,3.564,0,0,0
200.682,1.154,0.214,3.564,0,0,0
200.733,1.154,0.214,3.552,0,0,0
200.784,1.154,0.214,3.541,0,0,0
200.835,1.154,0.214,3.550,0,0,0
200.886,1.152,0.194,3.550,0,0,0
200.937,1.152,0.194,3.550,0,0,0
200.988,1.152,0.194,3.543,0,0,0
201.039,1.152,0.194,3.559,0,0,0
201.090,1.152,0.194,3.548,0,1,0
201.141,1.152,0.194,3.548,0,0,0
201.192,1.152,0.192,3.548,0,0,0
201.243,1.152,0.192,3.575,0,0,0
201.294,1.152,0.192,3.561,0,0,0
201.345,1.152,0.192,3.561,0,0,0
201.396,1.152,0.192,3.561,0,0,0
201.447,1.150,0.190,3.559,0,0,0
201.498,1.150,0.190,3.561,0,0,0
201.549,1.150,0.190,3.552,0,0,0
201.600,1.150,0.190,3.552,0,0,0
201.651,1.150,0.190,3.552,0,0,0
201.702,1.150,0.190,3.555,0,0,0
201.753,1.148,0.189,3.559,0,0,0
201.804,1.148,0.189,3.555,0,0,0
201.855,1.148,0.189,3.555,0,0,0
201.906,1.148,0.189,3.541,0,0,0
201.957,1.148,0.189,3.566,0,0,0
202.008,1.148,0.189,3.548,0,0,0
202.059,1.148,0.190,3.557,0,0,0
202.110,1.148,0.190,3.557,0,0,1
202.161,1.148,0.190,3.559,0,0,0
202.212,1.148,0.190,3.550,0,0,0
202.263,1.148,0.190,3.566,0,0,0
202.314,1.148,0.189,3.566,0,0,0
202.365,1.148,0.189,3.570,0,0,0
202.416,1.148,0.189,3.568,0,0,0
202.467,1.148,0.189,3.552,0,0,0
202.518,1.148,0.189,3.548,0,0,0
202.569,1.148,0.189,3.548,0,0,0
202.620,1.146,0.189,3.564,0,0,0
202.671,1.146,0.189,3.550,0,0,0
202.722,1.146,0.189,3.564,0,0,0
202.773,1.146,0.189,3.564,0,0,0
202.824,1.146,0.189,3.541,0,0,0
202.875,1.146,0.189,3.559,0,0,0
202.926,1.146,0.189,3.557,0,0,0
202.977,1.146,0.189,3.562,0,0,0
203.028,1.146,0.189,3.562,0,0,0
203.079,1.146,0.189,3.548,0,0,0
203.130,1.146,0.189,3.550,0,0,0
203.181,1.147,0.188,3.534,0,0,0
203.232,1.147,0.188,3.534,0,0,0
203.283,1.147,0.188,3.552,0,0,0
203.334,1.147,0.188,3.552,0,0,0
203.385,1.147,0.188,3.555,0,0,0
203.436,1.147,0.188,3.557,0,0,0
203.487,1.146,0.187,3.557,0,0,0
203.538,1.146,0.187,3.562,0,0,0
203.589,1.146,0.187,3.564,0,0,0
203.640,1.146,0.187,3.552,0,0,0
203.691,1.146,0.187,3.561,0,0,0
203.742,1.146,0.187,3.561,0,0,0
203.793,1.145,0.186,3.559,0,0,0
203.844,1.145,0.186,3.564,0,0,0
203.895,1.145,0.186,3.552,0,0,0
203.946,1.145,0.186,3.552,0,0,0
203.997,1.145,0.186,3.559,0,0,0
204.048,1.145,0.185,3.552,0,0,0
204.099,1.145,0.185,3.559,0,0,0
204.150,1.145,0.185,3.557,0,0,0
204.201,1.145,0.185,3.557,0,0,0
204.252,1.145,0.185,3.555,0,0,0
204.303,1.145,0.185,3.548,0,0,0
204.354,1.145,0.185,3.557,0,0,0
204.405,1.145,0.185,3.557,0,0,0
204.456,1.145,0.185,3.552,0,0,0
204.507,1.145,0.185,3.545,0,0,0
204.558,1.145,0.185,3.545,0,0,0
204.609,1.145,0.183,3.545,0,0,0
204.660,1.145,0.183,3.545,0,0,0
204.711,1.145,0.183,3.557,0,0,0
204.762,1.145,0.183,3.557,0,0,0
204.813,1.145,0.183,3.541,0,0,0
204.864,1.145,0.183,3.548,0,0,0
204.915,1.146,0.183,3.548,0,0,0
204.966,1.146,0.183,3.557,0,0,0
205.017,1.146,0.183,3.548,0,0,0
205.068,1.146,0.183,3.562,0,0,0
205.119,1.146,0.183,3.562,0,0,0
205.170,1.146,0.183,3.545,0,0,0
205.221,1.146,0.182,3.548,0,0,0
205.272,1.146,0.182,3.552,0,0,0
205.323,1.146,0.182,3.559,0,0,0
205.374,1.146,0.182,3.559,0,0,0
205.425,1.146,0.182,3.555,0,0,0
205.476,1.146,0.182,3.552,0,0,0
205.527,1.146,0.182,3.564,0,0,0
205.578,1.146,0.182,3.564,0,0,0
205.629,1.146,0.182,3.557,0,0,0
205.680,1.146,0.182,3.552,0,0,0
205.731,1.146,0.182,3.557,0,0,0
205.782,1.145,0.184,3.562,0,0,0
205.833,1.145,0.184,3.562,0,0,0
205.884,1.145,0.184,3.550,0,0,0
205.935,1.145,0.184,3.548,0,0,0
205.986,1.145,0.184,3.555,0,0,0
206.037,1.145,0.184,3.555,0,0,0
206.088,1.145,0.185,3.550,0,0,0
206.139,1.145,0.185,3.550,0,0,0
206.190,1.145,0.185,3.536,0,0,0
206.241,1.145,0.185,3.546,0,0,0
206.292,1.145,0.185,3.546,0,0,0
206.343,1.145,0.185,3.543,0,0,0
206.394,1.145,0.185,3.543,0,0,0
206.445,1.145,0.185,3.550,0,0,0
206.496,1.145,0.185,3.557,0,0,0
206.547,1.145,0.185,3.557,0,0,0
206.598,1.145,0.185,3.557,0,0,0
206.649,1.145,0.186,3.543,1,0,0
206.700,1.145,0.186,3.555,0,0,0
206.751,1.145,0.186,3.555,0,0,0
206.802,1.145,0.186,3.552,0,0,0
206.853,1.145,0.186,3.557,0,0,0
206.904,1.145,0.186,3.562,0,0,0
206.955,1.145,0.186,3.557,0,0,0
207.006,1.145,0.186,3.557,0,0,0
207.057,1.145,0.186,3.552,0,0,0
207.108,1.145,0.186,3.539,0,0,0
207.159,1.145,0.186,3.550,0,0,0
207.210,1.146,0.186,3.550,0,0,0
207.261,1.146,0.186,3.557,0,0,0
207.312,1.146,0.186,3.555,0,0,0
207.363,1.146,0.186,3.546,0,-1,0
207.414,1.146,0.186,3.555,0,0,0
207.465,1.146,0.186,3.555,0,0,0
207.516,1.146,0.186,3.550,0,0,0
207.567,1.146,0.186,3.562,0,0,0
207.618,1.146,0.186,3.548,0,0,0
207.669,1.146,0.186,3.548,0,0,0
207.720,1.146,0.186,3.557,0,0,0
207.771,1.146,0.186,3.548,0,0,0
207.822,1.146,0.185,3.557,0,0,0
207.873,1.146,0.185,3.562,0,0,0
207.924,1.146,0.185,3.562,0,0,0
207.975,1.146,0.185,3.552,0,0,0
208.026,1.146,0.185,3.555,0,0,0
208.077,1.146,0.186,3.557,0,0,0
208.128,1.146,0.186,3.552,0,0,0
208.179,1.146,0.186,3.552,0,0,0
208.230,1.146,0.186,3.552,0,0,0
208.281,1.146,0.186,3.548,0,0,0
208.332,1.146,0.186,3.550,0,0,0
208.383,1.146,0.185,3.550,0,0,0
208.434,1.146,0.185,3.550,0,0,0
