394.431,0.327,0.289,3.099,0,0,0
394.492,0.327,0.289,3.111,0,0,0
394.543,0.327,0.289,3.111,0,0,0
394.594,0.327,0.289,3.113,0,0,0
394.645,0.327,0.289,3.110,0,0,0
394.696,0.327,0.289,3.106,0,0,0
394.747,0.327,0.289,3.101,0,0,0
394.798,0.327,0.289,3.101,0,0,0
394.849,0.327,0.289,3.101,0,0,0
394.900,0.327,0.289,3.090,0,0,0
394.951,0.327,0.289,3.113,0,0,0
395.002,0.327,0.289,3.109,0,0,0
395.053,0.327,0.289,3.109,0,0,0
395.104,0.328,0.289,3.113,0,0,0
395.155,0.328,0.289,3.108,0,0,0
395.206,0.328,0.289,3.112,0,0,0
395.257,0.328,0.289,3.112,0,0,0
395.308,0.328,0.289,3.105,0,0,0
395.359,0.328,0.289,3.108,0,0,0
395.410,0.326,0.289,3.111,0,0,0
395.461,0.326,0.289,3.105,0,0,0
395.512,0.326,0.289,3.105,0,0,0
395.563,0.326,0.289,3.102,0,0,0
395.614,0.326,0.289,3.103,0,0,0
395.665,0.326,0.289,3.097,0,0,0
395.716,0.326,0.289,3.097,0,0,0
395.767,0.326,0.289,3.111,0,0,0
395.818,0.326,0.289,3.120,0,0,0
395.869,0.326,0.289,3.109,0,0,0
395.920,0.326,0.289,3.101,0,0,0
395.971,0.326,0.289,3.101,0,0,0
396.022,0.326,0.289,3.111,0,0,0
396.073,0.326,0.289,3.108,0,0,0
396.124,0.326,0.289,3.103,0,0,0
396.175,0.326,0.289,3.103,0,0,0
396.226,0.326,0.289,3.111,0,0,0
396.277,0.326,0.289,3.110,0,0,0
396.328,0.326,0.289,3.106,0,0,0
396.379,0.326,0.289,3.119,0,0,0
396.430,0.326,0.289,3.119,0,0,0
396.481,0.326,0.289,3.117,0,0,0
396.532,0.326,0.289,3.106,0,0,0
396.583,0.326,0.289,3.104,0,0,0
396.634,0.326,0.289,3.112,0,0,0
396.685,0.326,0.289,3.109,0,0,0
396.736,0.326,0.289,3.110,0,0,0
396.787,0.326,0.289,3.113,0,0,0
396.838,0.326,0.288,3.104,0,0,0
396.889,0.326,0.288,3.104,0,0,0
396.940,0.326,0.288,3.126,0,0,0
396.991,0.326,0.288,3.106,0,0,0
397.042,0.326,0.288,3.114,0,0,0
397.093,0.326,0.288,3.124,0,0,0
397.144,0.326,0.288,3.124,0,0,0
397.195,0.326,0.288,3.117,0,0,0
397.246,0.326,0.288,3.111,0,0,0
397.297,0.326,0.288,3.103,0,0,0
397.348,0.326,0.288,3.103,0,0,0
397.399,0.326,0.288,3.115,0,0,0
397.450,0.326,0.288,3.099,0,0,0
397.501,0.326,0.288,3.111,0,0,0
397.552,0.326,0.288,3.104,0,0,0
397.603,0.326,0.288,3.104,0,0,0
397.654,0.326,0.288,3.109,0,0,0
397.705,0.326,0.287,3.116,0,0,0
397.756,0.326,0.287,3.105,0,0,0
397.807,0.326,0.287,3.105,0,0,0
397.858,0.326,0.287,3.102,0,0,0
397.909,0.326,0.287,3.104,0,0,0
397.960,0.326,0.287,3.117,0,0,0
398.011,0.326,0.287,3.109,0,0,0
398.062,0.326,0.287,3.109,0,0,0
398.113,0.326,0.287,3.108,0,0,0
398.164,0.326,0.287,3.112,0,0,0
398.215,0.326,0.287,3.113,0,0,0
398.266,0.326,0.286,3.113,0,0,0
398.317,0.326,0.286,3.118,0,0,0
398.368,0.326,0.286,3.116,0,0,0
398.419,0.326,0.286,3.112,0,0,0
398.470,0.326,0.286,3.105,0,0,0
398.521,0.326,0.286,3.105,0,0,0
398.572,0.326,0.286,3.102,0,0,0
398.623,0.326,0.286,3.101,0,0,0
398.674,0.326,0.286,3.111,0,0,0
398.725,0.326,0.286,3.114,0,0,0
398.776,0.326,0.286,3.114,0,0,0
398.827,0.326,0.286,3.116,0,0,0
398.878,0.326,0.286,3.103,0,0,0
398.929,0.326,0.286,3.119,0,0,0
398.980,0.326,0.286,3.119,0,0,0
399.031,0.326,0.286,3.113,0,0,0
399.082,0.326,0.286,3.111,0,0,0
399.133,0.326,0.286,3.100,0,0,0
399.184,0.326,0.286,3.120,0,0,0
399.235,0.326,0.286,3.120,0,0,0
399.286,0.326,0.286,3.110,0,0,0
399.337,0.326,0.286,3.106,0,0,0
399.388,0.326,0.286,3.112,0,0,0
399.439,0.326,0.286,3.112,0,0,0
399.490,0.326,0.286,3.102,0,0,0
399.541,0.326,0.286,3.110,0,0,0
399.592,0.326,0.286,3.110,0,0,0
399.643,0.326,0.286,3.113,0,0,0
399.694,0.326,0.286,3.113,0,0,0
399.745,0.326,0.287,3.107,0,0,0
399.796,0.326,0.287,3.115,0,0,0
399.847,0.326,0.287,3.103,0,0,0
399.898,0.326,0.287,3.103,0,0,0
399.949,0.326,0.287,3.100,0,0,0
400.000,0.327,0.287,3.120,0,0,0
400.051,0.327,0.287,3.096,0,0,0
400.102,0.327,0.287,3.102,0,0,0
400.153,0.327,0.287,3.102,0,0,0
400.204,0.327,0.287,3.114,0,0,0
400.255,0.327,0.287,3.108,0,10,-10
400.306,0.327,0.288,3.116,0,13,-13
400.357,0.327,0.288,3.106,0,13,-13
400.408,0.327,0.288,3.106,0,14,-14
400.459,0.327,0.288,3.120,0,14,-15
400.510,0.327,0.288,3.121,0,15,-15
400.561,0.327,0.288,3.112,0,14,-15
400.612,0.327,0.288,3.112,0,15,-14
400.663,0.327,0.288,3.120,-3,15,-15
400.714,0.327,0.288,3.124,-4,15,-14
400.766,0.327,0.288,3.122,-6,15,-14
400.818,0.327,0.288,3.170,-11,15,-12
400.869,0.324,0.268,3.170,-12,15,-11
400.971,0.324,0.268,3.200,-13,15,-9
401.022,0.324,0.268,3.231,-13,16,-9
401.073,0.324,0.268,3.231,-13,15,-8
401.124,0.324,0.268,3.254,-13,16,-8
401.175,0.321,0.224,3.274,-12,15,-8
401.226,0.321,0.224,3.306,-13,16,-9
401.277,0.321,0.224,3.314,-12,15,-8
401.328,0.321,0.224,3.314,-13,16,-8
401.379,0.321,0.224,3.356,-12,15,-8
401.430,0.334,0.162,3.379,-13,16,-8
401.481,0.334,0.162,3.397,-12,15,-9
401.532,0.334,0.162,3.422,-12,16,-7
401.583,0.334,0.162,3.422,-13,15,-9
401.634,0.334,0.162,3.455,-12,16,-8
401.685,0.334,0.162,3.491,-13,16,-8
401.736,0.363,0.081,3.514,-12,15,-8
401.787,0.363,0.081,3.514,-12,16,-8
401.838,0.363,0.081,3.544,-12,16,-8
401.889,0.363,0.081,3.580,-13,16,-8
401.940,0.363,0.081,3.593,-12,15,-8
401.991,0.363,0.081,3.617,-12,16,-8
402.042,0.412,0.004,3.617,-12,16,-8
402.093,0.412,0.004,3.649,-12,15,-8
402.144,0.412,0.004,3.689,-13,16,-8
402.195,0.412,0.004,3.706,-12,16,-8
402.246,0.412,0.004,3.706,-12,16,-8
402.297,0.476,-0.065,3.747,-12,16,-8
402.348,0.476,-0.065,3.752,-13,15,-8
402.399,0.476,-0.065,3.789,-12,16,-8
402.450,0.476,-0.065,3.817,-12,16,-8
402.501,0.476,-0.065,3.817,-12,16,-8
402.552,0.476,-0.065,3.846,-13,16,-8
402.603,0.543,-0.129,3.869,-12,16,-8
402.654,0.543,-0.129,3.891,-12,16,-8
402.705,0.543,-0.129,3.891,-12,16,-8
402.756,0.543,-0.129,3.912,-12,15,-8
402.807,0.543,-0.129,3.920,-12,16,-8
402.858,0.543,-0.129,3.943,-13,16,-8
402.909,0.613,-0.186,3.953,-13,16,-6
402.960,0.613,-0.186,3.953,-14,16,-6
403.011,0.613,-0.186,3.981,-15,16,-5
403.062,0.613,-0.186,4.001,-15,16,-5
403.113,0.613,-0.186,4.015,-15,16,-5
403.164,0.689,-0.240,4.020,-15,16,-5
403.215,0.689,-0.240,4.020,-15,16,-6
403.266,0.689,-0.240,4.039,-15,16,-6
403.317,0.689,-0.240,4.058,-15,16,-5
403.368,0.689,-0.240,4.062,-15,16,-7
403.419,0.689,-0.240,4.062,-16,16,-5
403.470,0.770,-0.284,4.091,-15,16,-6
403.521,0.770,-0.284,4.100,-15,16,-6
403.572,0.770,-0.284,4.115,-16,16,-5
403.623,0.770,-0.284,4.133,-15,16,-6
403.674,0.770,-0.284,4.133,-16,16,-4
403.778,0.859,-0.318,4.120,-16,16,3
403.881,0.859,-0.318,4.068,-16,15,9
403.932,0.859,-0.318,4.068,-15,14,11
403.983,0.859,-0.318,4.040,-16,14,11
404.034,0.951,-0.344,3.994,-16,12,11
404.085,0.951,-0.344,3.967,-15,12,10
404.136,0.951,-0.344,3.967,-16,11,10
404.187,0.951,-0.344,3.948,-16,11,10
404.238,0.951,-0.344,3.925,-16,10,9
404.289,0.951,-0.344,3.892,-15,11,9
404.340,1.044,-0.344,3.897,-16,10,9
404.391,1.044,-0.344,3.897,-16,9,8
404.442,1.044,-0.344,3.865,-16,9,9
404.493,1.044,-0.344,3.864,-16,9,8
404.544,1.044,-0.344,3.835,-15,9,9
404.595,1.139,-0.327,3.835,-16,9,8
404.646,1.139,-0.327,3.838,-16,9,8
404.697,1.139,-0.327,3.830,-16,8,8
404.748,1.139,-0.327,3.820,-16,9,9
404.799,1.139,-0.327,3.803,-16,8,8
404.850,1.139,-0.327,3.803,-16,9,8
404.901,1.228,-0.296,3.797,-16,8,8
404.952,1.228,-0.296,3.799,-16,8,8
405.003,1.228,-0.296,3.769,-16,9,8
405.054,1.228,-0.296,3.769,-15,8,9
405.105,1.228,-0.296,3.771,-16,7,8
405.156,1.228,-0.296,3.757,-16,9,8
405.207,1.312,-0.250,3.756,-16,8,8
405.258,1.312,-0.250,3.733,-16,8,8
405.309,1.312,-0.250,3.733,-16,8,9
405.360,1.312,-0.250,3.737,-16,8,8
405.411,1.312,-0.250,3.716,-16,8,8
405.462,1.397,-0.209,3.716,-16,8,8
405.513,1.397,-0.209,3.716,-16,9,8
405.564,1.397,-0.209,3.706,-16,8,8
405.615,1.397,-0.209,3.700,-16,8,8
405.666,1.397,-0.209,3.676,-16,8,9
405.717,1.397,-0.209,3.663,-16,8,8
405.768,1.475,-0.169,3.663,-16,9,8
405.819,1.475,-0.169,3.669,-16,8,8
405.870,1.475,-0.169,3.655,-16,8,8
405.921,1.475,-0.169,3.658,-16,8,8
405.972,1.475,-0.169,3.648,-16,8,8
406.023,1.475,-0.169,3.648,-17,8,8
406.074,1.556,-0.132,3.636,-16,8,8
406.125,1.556,-0.132,3.644,-16,8,8
406.176,1.556,-0.132,3.627,-16,9,8
406.227,1.556,-0.132,3.627,-16,7,8
406.278,1.556,-0.132,3.612,-16,9,8
406.329,1.635,-0.096,3.622,-16,8,8
406.380,1.635,-0.096,3.600,-16,8,8
406.431,1.635,-0.096,3.606,-16,8,8
406.482,1.635,-0.096,3.606,-16,8,8
406.533,1.635,-0.096,3.598,-16,8,9
406.584,1.635,-0.096,3.613,-16,8,8
406.635,1.712,-0.063,3.590,-16,8,8
406.686,1.712,-0.063,3.590,-16,9,8
406.737,1.712,-0.063,3.596,-16,8,8
406.788,1.712,-0.063,3.585,-16,8,9
406.839,1.712,-0.063,3.582,-17,8,8
406.890,1.787,-0.029,3.571,-16,8,8
406.941,1.787,-0.029,3.571,-16,8,8
406.992,1.787,-0.029,3.586,-16,8,8
407.043,1.787,-0.029,3.592,-16,8,9
407.094,1.787,-0.029,3.584,-16,8,8
407.145,1.787,-0.029,3.584,-16,8,8
407.196,1.870,0.002,3.584,-16,8,8
407.247,1.870,0.002,3.582,-16,8,8
407.298,1.870,0.002,3.577,-16,8,8
407.349,1.870,0.002,3.575,-16,8,8
407.400,1.870,0.002,3.575,-16,9,8
407.451,1.870,0.002,3.571,-16,8,8
407.502,1.870,0.002,3.569,-17,8,9
407.553,1.870,0.002,3.563,-16,9,8
407.604,1.870,0.002,3.557,-16,8,8
407.655,1.870,0.002,3.557,-16,8,8
407.706,1.870,0.002,3.561,-16,8,8
407.757,1.977,0.038,3.571,-16,8,8
407.808,1.977,0.038,3.571,-16,8,9
407.859,1.977,0.038,3.571,-16,8,8
407.910,1.977,0.038,3.565,-16,9,8
407.961,1.977,0.038,3.583,-17,8,8
408.012,1.977,0.038,3.567,-16,8,8
408.064,2.086,0.073,3.561,-16,0,11
408.115,2.086,0.073,3.561,-16,-8,14
408.166,2.086,0.073,3.593,-17,-8,14
408.217,2.086,0.073,3.613,-16,-9,15
408.268,2.086,0.073,3.646,-16,-8,15
408.319,2.086,0.073,3.646,-16,-9,15
408.472,2.086,0.073,3.745,-17,-7,16
408.523,2.086,0.073,3.774,-16,-7,15
408.574,2.086,0.073,3.774,-16,-7,16
408.625,2.211,0.125,3.797,-16,-6,15
408.676,2.211,0.125,3.825,-17,-7,16
408.727,2.211,0.125,3.855,-16,-7,16
408.778,2.211,0.125,3.886,-16,-6,15
408.829,2.211,0.125,3.886,-16,-6,16
408.880,2.211,0.125,3.901,-16,-6,15
408.931,2.316,0.188,3.933,-16,-6,16
408.982,2.316,0.188,3.963,-17,-6,16
409.033,2.316,0.188,3.963,-16,-6,16
409.084,2.316,0.188,3.984,-16,-6,16
409.135,2.316,0.188,4.004,-17,-6,15
409.186,2.316,0.188,4.032,-15,-6,16
409.237,2.387,0.260,4.062,-17,-6,16
409.288,2.387,0.260,4.062,-16,-8,16
409.340,2.387,0.260,4.088,-3,-11,16
409.391,2.387,0.260,4.117,-3,-13,15
409.442,2.387,0.260,4.120,-4,-13,15
409.493,2.441,0.347,4.120,-2,-14,16
409.544,2.441,0.347,4.139,-1,-14,15
409.595,2.441,0.347,4.147,0,-15,15
409.646,2.441,0.347,4.140,-1,-14,15
409.697,2.441,0.347,4.141,0,-14,15
409.748,2.441,0.347,4.141,0,-14,15
409.799,2.458,0.429,4.153,0,-15,15
409.850,2.458,0.429,4.159,0,-14,15
409.901,2.458,0.429,4.162,0,-15,15
409.952,2.458,0.429,4.162,0,-14,15
410.003,2.458,0.429,4.194,0,-14,15
410.054,2.458,0.429,4.183,0,-15,14
410.105,2.452,0.511,4.197,0,-14,15
410.156,2.452,0.511,4.193,0,-14,15
410.207,2.452,0.511,4.193,0,-14,14
410.258,2.452,0.511,4.213,0,-14,15
410.309,2.452,0.511,4.216,0,-15,15
410.360,2.423,0.588,4.231,0,-14,14
410.411,2.423,0.588,4.237,0,-14,15
410.462,2.423,0.588,4.237,0,-14,14
410.513,2.423,0.588,4.255,0,-15,14
410.564,2.423,0.588,4.263,0,-14,15
410.615,2.423,0.588,4.276,0,-14,14
410.666,2.376,0.661,4.276,0,-14,15
410.717,2.376,0.661,4.273,0,-14,14
410.768,2.376,0.661,4.292,0,-14,14
410.819,2.376,0.661,4.305,0,-14,14
410.870,2.376,0.661,4.318,0,-14,15
410.921,2.319,0.730,4.318,0,-15,14
410.972,2.319,0.730,4.329,0,-14,14
411.023,2.319,0.730,4.345,1,-14,14
411.074,2.319,0.730,4.356,0,-14,14
411.125,2.319,0.730,4.356,0,-14,14
411.176,2.319,0.730,4.347,1,-15,14
411.227,2.260,0.798,4.379,0,-14,15
411.278,2.260,0.798,4.371,0,-14,14
411.329,2.260,0.798,4.394,0,-14,14
411.380,2.260,0.798,4.394,0,-14,14
411.431,2.260,0.798,4.393,0,-14,15
411.482,2.260,0.798,4.410,0,-14,14
411.533,2.202,0.866,4.417,0,-14,14
411.584,2.202,0.866,4.417,0,-14,14
411.635,2.202,0.866,4.454,0,-14,14
411.686,2.202,0.866,4.444,0,-15,14
411.737,2.202,0.866,4.454,0,-14,14
411.788,2.143,0.933,4.462,0,-14,15
411.892,2.143,0.933,4.494,-10,-12,15
411.943,2.143,0.933,4.528,-13,-6,15
411.994,2.143,0.933,4.568,-15,-3,16
412.045,2.143,0.933,4.608,-15,-5,15
412.096,2.143,0.933,4.608,-15,-6,15
412.147,2.143,0.933,4.677,-16,-6,15
412.198,2.143,0.933,4.735,-16,-6,16
412.249,2.143,0.933,4.825,-15,-6,15
412.300,2.143,0.933,4.825,-16,-6,16
412.351,2.143,0.933,4.917,-15,-5,15
412.402,2.081,1.020,5.004,-16,-6,16
412.453,2.081,1.020,5.104,-16,-6,15
412.504,2.081,1.020,5.237,-16,-6,16
412.555,2.081,1.020,5.237,-15,-6,15
412.606,2.081,1.020,5.347,-16,-6,16
412.657,2.034,1.111,5.505,-16,-7,16
412.708,2.034,1.111,5.542,-16,-5,15
412.759,2.034,1.111,5.542,-16,-6,16
412.810,2.034,1.111,5.585,-16,-7,16
412.862,2.034,1.111,5.437,-1,-10,16
412.913,2.034,1.111,4.968,-1,-13,16
412.964,2.002,1.209,4.381,-1,-14,15
413.015,2.002,1.209,4.381,0,-13,15
413.066,2.002,1.209,4.116,1,-15,16
413.117,2.002,1.209,3.965,1,-14,15
413.168,2.002,1.209,3.899,0,-14,14
413.219,1.980,1.312,3.885,-1,-15,15
413.270,1.980,1.312,3.885,-1,-14,15
413.321,1.980,1.312,3.871,-1,-15,15
413.372,1.980,1.312,3.874,0,-14,15
413.423,1.980,1.312,3.897,0,-14,15
413.474,1.980,1.312,3.897,0,-14,14
413.525,1.956,1.392,3.904,0,-15,15
413.576,1.956,1.392,3.917,0,-14,14
413.627,1.956,1.392,3.922,1,-14,15
413.678,1.956,1.392,3.946,1,-14,14
413.729,1.956,1.392,3.946,0,-14,15
413.780,1.956,1.392,3.948,0,-14,14
413.831,1.956,1.392,3.968,0,-14,15
413.882,1.956,1.392,3.977,0,-15,14
413.933,1.956,1.392,3.977,0,-14,14
414.035,1.956,1.392,4.006,0,-14,15
414.086,1.897,1.475,4.020,-3,-14,14
414.138,1.897,1.475,4.039,-9,-13,15
414.190,1.897,1.475,4.039,-13,-8,15
414.241,1.897,1.475,4.083,-14,-5,16
414.292,1.897,1.475,4.093,-16,-5,15
414.343,1.897,1.475,4.126,-15,-5,15
414.394,1.818,1.547,4.151,-16,-6,16
414.445,1.818,1.547,4.151,-16,-5,15
414.496,1.818,1.547,4.191,-15,-6,16
414.547,1.818,1.547,4.217,-16,-6,15
414.598,1.818,1.547,4.250,-16,-6,16
414.649,1.818,1.547,4.250,-15,-6,16
414.700,1.818,1.547,4.278,-16,-6,15
414.751,1.818,1.547,4.313,-16,-5,16
414.802,1.818,1.547,4.354,-15,-6,15
414.853,1.818,1.547,4.383,-16,-6,16
414.904,1.818,1.547,4.383,-16,-7,16
414.955,1.732,1.640,4.425,-16,-5,16
415.006,1.732,1.640,4.455,-16,-6,15
415.057,1.732,1.640,4.481,-15,-6,16
415.108,1.732,1.640,4.481,-16,-6,16
415.159,1.732,1.640,4.527,-16,-6,15
415.210,1.732,1.640,4.543,-16,-6,16
415.261,1.732,1.640,4.568,-16,-6,16
415.312,1.732,1.640,4.603,-16,-6,16
415.363,1.732,1.640,4.603,-16,-6,16
415.414,1.732,1.640,4.611,-16,-5,16
415.517,1.732,1.640,4.654,-16,-7,16
415.568,1.653,1.758,4.691,-3,-11,16
415.670,1.653,1.758,4.686,6,-13,15
415.721,1.653,1.758,4.635,13,-15,10
415.772,1.653,1.758,4.626,14,-15,8
415.823,1.596,1.875,4.626,15,-15,8
415.874,1.596,1.875,4.599,15,-15,7
415.925,1.596,1.875,4.570,16,-15,8
415.976,1.596,1.875,4.535,15,-15,6
416.027,1.596,1.875,4.510,15,-15,6
416.078,1.596,1.875,4.510,15,-16,8
416.181,1.540,1.984,4.479,12,-16,11
416.232,1.540,1.984,4.455,5,-15,11
416.284,1.540,1.984,4.455,10,1,14
416.335,1.540,1.984,4.466,15,0,17
416.386,1.540,1.984,4.343,15,0,15
416.437,1.540,1.984,4.233,15,1,15
416.488,1.540,1.984,4.131,15,0,16
416.539,1.540,1.984,4.131,16,0,16
416.590,1.540,1.984,4.038,15,0,15
416.641,1.540,1.984,3.935,15,0,16
416.692,1.451,2.046,3.842,16,0,15
416.743,1.451,2.046,3.746,15,0,16
416.794,1.451,2.046,3.746,16,0,16
416.845,1.451,2.046,3.649,15,0,16
416.896,1.451,2.046,3.532,15,1,16
416.947,1.451,2.046,3.425,16,1,15
416.998,1.356,2.081,3.425,15,3,17
417.049,1.356,2.081,3.309,16,1,15
417.100,1.356,2.081,3.189,15,1,16
417.304,1.269,2.111,2.849,16,2,16
417.355,1.269,2.111,2.747,15,2,17
417.407,1.269,2.111,2.621,16,10,3
417.458,1.269,2.111,2.621,15,15,1
417.509,1.269,2.111,2.537,15,15,5
417.560,1.208,2.150,2.392,0,15,-10
417.611,1.208,2.150,2.397,1,13,-14
417.662,1.208,2.150,2.381,1,15,-14
417.713,1.208,2.150,2.381,-3,14,-15
417.764,1.208,2.150,2.402,-1,15,-15
417.815,1.208,2.150,2.396,2,15,-14
417.866,1.208,2.150,2.402,0,15,-15
417.917,1.208,2.150,2.412,-1,14,-15
417.968,1.208,2.150,2.412,0,15,-15
418.019,1.208,2.150,2.402,0,15,-15
418.071,1.208,2.150,2.407,11,10,-15
418.122,1.181,2.195,2.407,15,7,-15
418.174,1.181,2.195,2.407,14,-6,-13
418.225,1.181,2.195,2.401,15,-11,-12
418.276,1.181,2.195,2.402,15,-9,-10
418.327,1.181,2.195,2.412,16,-9,-9
418.378,1.181,2.195,2.428,15,-10,-9
418.429,1.153,2.215,2.428,16,-10,-8
418.480,1.153,2.215,2.433,16,-10,-8
418.532,1.153,2.215,2.428,16,7,6
418.583,1.153,2.215,2.303,17,12,12
418.634,1.153,2.215,2.303,17,11,12
418.685,1.114,2.228,2.138,16,10,12
418.736,1.114,2.228,2.015,16,11,10
418.787,1.114,2.228,1.907,16,9,10
418.838,1.114,2.228,1.755,16,9,11
418.889,1.114,2.228,1.755,15,9,9
418.940,1.114,2.228,1.642,16,-6,-6
418.991,1.066,2.237,1.624,15,-12,-13
419.043,1.066,2.237,1.657,15,-1,-13
419.095,1.066,2.237,1.653,16,6,-15
419.198,1.066,2.237,1.621,11,10,-16
419.249,1.066,2.237,1.593,8,12,-16
419.300,1.037,2.244,1.584,9,13,-16
419.351,1.037,2.244,1.584,6,13,-16
419.402,1.037,2.244,1.573,7,12,-16
419.453,1.037,2.244,1.574,6,13,-16
419.504,1.037,2.244,1.549,6,13,-17
419.555,1.037,2.244,1.534,6,13,-16
419.606,1.037,2.244,1.534,5,12,-16
419.657,1.037,2.244,1.530,4,13,-16
419.708,1.037,2.244,1.526,6,12,-16
419.759,1.037,2.244,1.516,5,13,-17
419.810,1.037,2.244,1.497,4,12,-16
419.861,0.998,2.290,1.497,5,12,-16
419.912,0.998,2.290,1.498,5,13,-16
419.963,0.998,2.290,1.491,5,12,-16
420.014,0.998,2.290,1.490,4,12,-17
420.167,0.953,2.336,1.476,5,12,-16
420.218,0.953,2.336,1.471,-1,12,-16
420.475,0.892,2.382,1.502,-13,14,-13
420.526,0.892,2.382,1.502,-13,15,-12
420.577,0.892,2.382,1.542,-14,14,-10
420.628,0.892,2.382,1.549,-14,16,-9
420.730,0.800,2.437,1.608,-15,15,-8
420.782,0.800,2.437,1.608,-13,15,-8
420.833,0.800,2.437,1.625,-10,15,-10
420.884,0.800,2.437,1.635,-7,16,-11
420.935,0.800,2.437,1.653,-7,15,-12
420.986,0.800,2.437,1.656,-7,16,-12
421.037,0.800,2.437,1.656,-6,15,-12
421.088,0.800,2.437,1.673,-6,15,-11
421.139,0.800,2.437,1.673,-7,16,-12
421.190,0.800,2.437,1.695,-6,15,-12
421.241,0.800,2.437,1.695,-7,16,-11
421.292,0.694,2.449,1.705,-6,16,-12
421.343,0.694,2.449,1.697,-6,15,-11
421.394,0.694,2.449,1.714,-5,16,-11
421.445,0.694,2.449,1.729,-7,15,-11
421.496,0.694,2.449,1.729,-6,16,-12
421.547,0.694,2.449,1.732,-6,15,-11
421.598,0.588,2.443,1.725,-7,16,-11
421.649,0.588,2.443,1.759,-6,16,-11
421.700,0.588,2.443,1.759,-5,15,-11
421.751,0.588,2.443,1.759,-1,16,-12
421.802,0.588,2.443,1.763,1,15,-12
421.853,0.481,2.418,1.759,0,15,-13
421.904,0.481,2.418,1.766,0,15,-14
421.955,0.481,2.418,1.766,0,15,-14
422.006,0.481,2.418,1.776,0,14,-14
422.210,0.481,2.418,1.799,0,15,-14
422.261,0.481,2.418,1.816,-1,15,-14
422.312,0.481,2.418,1.826,0,14,-14
422.363,0.481,2.418,1.837,0,15,-14
422.414,0.481,2.418,1.837,0,15,-14
422.465,0.356,2.376,1.853,1,14,-14
422.516,0.356,2.376,1.855,0,15,-14
422.669,0.356,2.376,1.892,0,15,-14
422.720,0.253,2.346,1.920,0,15,-14
422.771,0.253,2.346,1.935,0,14,-14
422.822,0.253,2.346,1.971,0,14,-14
422.873,0.253,2.346,1.971,0,15,-14
422.924,0.253,2.346,2.000,0,14,-14
422.975,0.253,2.346,2.006,0,14,-14
423.026,0.150,2.321,2.019,0,15,-14
423.077,0.150,2.321,2.032,0,14,-13
423.128,0.150,2.321,2.032,0,14,-14
423.179,0.150,2.321,2.052,0,15,-14
423.230,0.150,2.321,2.068,0,14,-14
423.281,0.150,2.321,2.083,0,14,-14
423.332,0.047,2.299,2.083,0,14,-14
423.383,0.047,2.299,2.085,0,15,-14
423.434,0.047,2.299,2.103,0,14,-14
423.485,0.047,2.299,2.112,0,14,-14
423.536,0.047,2.299,2.139,0,14,-14
423.587,-0.036,2.288,2.139,-1,14,-14
423.638,-0.036,2.288,2.153,0,15,-14
423.689,-0.036,2.288,2.140,0,14,-14
423.740,-0.036,2.288,2.165,0,14,-14
423.791,-0.036,2.288,2.165,0,14,-13
423.842,-0.036,2.288,2.155,0,15,-14
423.893,-0.121,2.280,2.160,0,14,-14
423.944,-0.121,2.280,2.169,0,14,-14
423.995,-0.121,2.280,2.180,0,14,-14
424.046,-0.121,2.280,2.180,0,14,-15
424.097,-0.121,2.280,2.177,0,14,-13
424.148,-0.121,2.280,2.179,0,14,-15
424.199,-0.121,2.280,2.165,0,14,-14
424.250,-0.121,2.280,2.169,0,14,-14
424.301,-0.121,2.280,2.169,0,14,-14
424.352,-0.121,2.280,2.175,0,14,-14
424.403,-0.121,2.280,2.169,0,14,-14
424.454,-0.227,2.272,2.178,0,15,-14
424.505,-0.227,2.272,2.178,0,14,-14
424.556,-0.227,2.272,2.160,0,14,-14
424.607,-0.227,2.272,2.140,0,14,-14
424.658,-0.227,2.272,2.170,0,14,-14
424.709,-0.227,2.272,2.158,0,14,-15
424.760,-0.335,2.266,2.158,0,14,-14
424.811,-0.335,2.266,2.155,0,15,-14
424.862,-0.335,2.266,2.150,0,14,-14
424.913,-0.335,2.266,2.148,0,14,-14
424.964,-0.335,2.266,2.148,0,14,-14
425.015,-0.335,2.266,2.148,0,14,-14
425.066,-0.443,2.259,2.136,0,14,-14
425.117,-0.443,2.259,2.134,0,14,-14
425.168,-0.443,2.259,2.127,0,14,-14
425.219,-0.443,2.259,2.127,0,14,-14
425.270,-0.443,2.259,2.121,0,14,-14
425.321,-0.550,2.252,2.125,0,14,-15
425.372,-0.550,2.252,2.115,0,14,-14
425.423,-0.550,2.252,2.115,0,14,-14
425.474,-0.550,2.252,2.115,0,15,-14
425.525,-0.550,2.252,2.113,0,13,-14
425.576,-0.550,2.252,2.099,0,14,-14
425.627,-0.636,2.246,2.119,0,15,-14
425.678,-0.636,2.246,2.119,0,13,-14
425.729,-0.636,2.246,2.109,0,14,-14
425.780,-0.636,2.246,2.087,0,15,-14
425.831,-0.636,2.246,2.073,0,14,-14
425.882,-0.721,2.241,2.090,0,14,-15
425.933,-0.721,2.241,2.090,0,14,-14
425.984,-0.721,2.241,2.102,0,14,-14
426.035,-0.721,2.241,2.093,0,14,-14
426.086,-0.721,2.241,2.082,0,14,-14
426.137,-0.721,2.241,2.082,0,14,-14
426.188,-0.807,2.233,2.081,0,15,-14
426.239,-0.807,2.233,2.081,0,14,-14
426.290,-0.807,2.233,2.084,0,14,-14
426.341,-0.807,2.233,2.074,0,14,-14
426.393,-0.807,2.233,2.074,-7,14,-13
426.445,-0.807,2.233,2.078,-13,15,-7
426.496,-0.893,2.228,2.094,-14,15,-4
426.547,-0.893,2.228,2.125,-15,15,-5
426.598,-0.893,2.228,2.125,-15,16,-5
426.649,-0.893,2.228,2.125,-16,15,-6
426.700,-0.893,2.228,2.140,-16,15,-6
426.751,-0.979,2.221,2.171,-15,15,-6
426.802,-0.979,2.221,2.205,-16,16,-6
426.853,-0.979,2.221,2.205,-15,15,-6
426.904,-0.979,2.221,2.205,-16,15,-5
426.955,-0.979,2.221,2.226,-16,16,-6
427.006,-0.979,2.221,2.240,-15,15,-6
427.057,-1.059,2.198,2.256,-16,15,-5
427.108,-1.059,2.198,2.256,-16,16,-7
427.159,-1.059,2.198,2.284,-15,15,-6
427.210,-1.059,2.198,2.301,-16,16,-6
427.261,-1.059,2.198,2.328,-16,15,-5
427.312,-1.059,2.198,2.328,-16,16,-7
427.363,-1.059,2.198,2.338,-16,15,-6
427.414,-1.059,2.198,2.332,-16,16,-5
427.465,-1.059,2.198,2.357,-15,15,-6
427.516,-1.059,2.198,2.371,-16,16,-7
427.567,-1.059,2.198,2.371,-16,16,-6
427.618,-1.144,2.138,2.400,-16,16,-6
427.669,-1.144,2.138,2.422,-16,15,-6
427.720,-1.144,2.138,2.416,-16,16,-5
427.771,-1.144,2.138,2.416,-16,16,-6
427.822,-1.144,2.138,2.440,-15,16,-6
427.873,-1.144,2.138,2.456,-16,15,-7
427.924,-1.219,2.058,2.473,-16,16,-5
427.975,-1.219,2.058,2.495,-16,16,-7
428.026,-1.219,2.058,2.495,-16,16,-6
428.077,-1.219,2.058,2.513,-16,16,-6
428.128,-1.219,2.058,2.518,-16,15,-6
428.179,-1.219,2.058,2.519,-16,16,-7
428.230,-1.283,1.953,2.556,-16,16,-5
428.281,-1.283,1.953,2.556,-16,16,-6
428.332,-1.283,1.953,2.551,-16,16,-7
428.383,-1.283,1.953,2.582,-16,15,-6
428.434,-1.283,1.953,2.594,-16,17,-6
428.485,-1.338,1.841,2.594,-16,15,-6
428.536,-1.338,1.841,2.615,-16,16,-5
428.587,-1.338,1.841,2.627,-16,16,-6
428.638,-1.338,1.841,2.637,-16,16,-5
428.689,-1.338,1.841,2.665,-16,16,-6
428.740,-1.338,1.841,2.665,-16,16,-6
428.791,-1.368,1.748,2.669,-17,16,-6
428.842,-1.368,1.748,2.692,-16,16,-6
428.893,-1.368,1.748,2.700,-15,16,-6
428.944,-1.368,1.748,2.700,-17,16,-6
428.995,-1.368,1.748,2.721,-15,16,-6
429.046,-1.389,1.651,2.738,-17,16,-6
429.097,-1.389,1.651,2.769,-16,16,-6
429.148,-1.389,1.651,2.770,-16,16,-7
429.199,-1.389,1.651,2.770,-16,16,-6
429.250,-1.389,1.651,2.804,-16,16,-6
429.301,-1.389,1.651,2.822,-16,16,-5
429.352,-1.398,1.553,2.826,-16,16,-6
429.403,-1.398,1.553,2.826,-16,16,-5
429.454,-1.398,1.553,2.832,-16,16,-6
429.505,-1.398,1.553,2.864,-16,16,-7
429.556,-1.398,1.553,2.870,-16,16,-6
429.607,-1.398,1.553,2.906,-16,16,-5
429.658,-1.398,1.456,2.906,-17,16,-6
429.709,-1.398,1.456,2.908,-16,16,-6
429.760,-1.398,1.456,2.939,-16,16,-6
429.811,-1.398,1.456,2.970,-16,16,-6
429.862,-1.398,1.456,2.991,-16,16,-6
429.913,-1.401,1.357,2.991,-16,16,-6
429.964,-1.401,1.357,3.002,-16,16,-6
430.015,-1.401,1.357,3.011,-16,16,-6
430.066,-1.401,1.357,3.038,-16,16,-6
430.117,-1.401,1.357,3.038,-16,16,-6
430.168,-1.401,1.357,3.063,-16,16,-7
430.219,-1.384,1.255,3.094,-16,17,-6
430.270,-1.384,1.255,3.106,-17,16,-6
430.321,-1.384,1.255,3.144,-16,16,-5
430.372,-1.384,1.255,3.144,-16,16,-6
430.423,-1.384,1.255,3.153,-16,16,-6
430.474,-1.384,1.255,3.189,-16,16,-6
430.525,-1.384,1.255,3.193,-16,16,-7
430.576,-1.384,1.255,3.193,-16,16,-6
430.627,-1.384,1.255,3.230,-16,16,-6
430.678,-1.384,1.255,3.249,-17,16,-6
430.729,-1.384,1.255,3.275,-16,17,-6
430.780,-1.348,1.136,3.320,-16,16,-6
430.831,-1.348,1.136,3.320,-16,16,-6
430.882,-1.348,1.136,3.328,-16,16,-6
430.933,-1.348,1.136,3.349,-16,16,-5
430.984,-1.348,1.136,3.367,-16,16,-6
431.035,-1.348,1.136,3.367,-17,16,-6
431.086,-1.300,1.018,3.383,-16,16,-6
431.137,-1.300,1.018,3.398,-16,16,-6
431.188,-1.300,1.018,3.436,-16,17,-7
431.239,-1.300,1.018,3.469,-16,16,-5
431.290,-1.300,1.018,3.469,-16,16,-6
431.341,-1.300,1.018,3.481,-17,16,-6
431.392,-1.227,0.902,3.513,-16,16,-6
431.443,-1.227,0.902,3.525,-16,16,-6
431.494,-1.227,0.902,3.557,-16,16,-6
431.545,-1.227,0.902,3.557,-16,16,-6
431.647,-1.227,0.902,3.585,-17,16,-3
431.801,-1.227,0.902,3.567,-16,15,8
431.853,-1.227,0.902,3.567,-16,15,9
431.904,-1.227,0.902,3.522,-16,15,9
431.955,-1.140,0.780,3.489,-17,14,9
432.006,-1.140,0.780,3.489,-16,13,10
432.057,-1.140,0.780,3.489,-16,14,8
432.108,-1.140,0.780,3.470,-16,13,9
432.159,-1.140,0.780,3.438,-17,12,8
432.210,-1.140,0.780,3.438,-16,13,7
432.261,-1.047,0.697,3.440,-16,12,8
432.312,-1.047,0.697,3.407,-16,11,7
432.363,-1.047,0.697,3.420,-16,12,7
432.414,-1.047,0.697,3.401,-17,11,7
432.569,-0.945,0.634,3.431,-17,15,-8
432.671,-0.945,0.634,3.492,-16,15,-9
432.722,-0.945,0.634,3.492,-16,15,-8
432.773,-0.945,0.634,3.521,-16,15,-8
432.824,-0.836,0.586,3.552,-16,16,-9
432.875,-0.836,0.586,3.573,-17,15,-7
432.926,-0.836,0.586,3.573,-16,16,-7
432.977,-0.836,0.586,3.600,-16,15,-6
433.028,-0.836,0.586,3.615,-16,15,-7
433.079,-0.836,0.586,3.638,-16,16,-6
433.130,-0.836,0.586,3.643,-16,15,-6
433.181,-0.836,0.586,3.643,-16,16,-7
433.232,-0.836,0.586,3.669,-16,15,-6
433.283,-0.836,0.586,3.661,-17,16,-6
433.334,-0.836,0.586,3.662,-16,16,-6
433.385,-0.730,0.535,3.662,-16,15,-6
433.436,-0.730,0.535,3.700,-16,16,-6
433.487,-0.730,0.535,3.707,-16,15,-6
433.538,-0.730,0.535,3.693,-17,16,-6
433.589,-0.730,0.535,3.722,-16,16,-6
433.640,-0.730,0.535,3.722,-16,15,-5
433.691,-0.631,0.476,3.720,-16,16,-6
433.742,-0.631,0.476,3.718,-16,16,-7
433.793,-0.631,0.476,3.727,-17,15,-5
433.844,-0.631,0.476,3.731,-16,16,-7
433.895,-0.631,0.476,3.747,-16,16,-6
433.946,-0.537,0.408,3.747,-16,16,-6
433.997,-0.537,0.408,3.760,-16,16,-5
434.048,-0.537,0.408,3.768,-16,15,-6
434.099,-0.537,0.408,3.768,-17,16,-6
434.150,-0.537,0.408,3.765,-16,16,-6
434.201,-0.537,0.408,3.778,-16,16,-6
434.252,-0.441,0.334,3.777,-16,15,-7
434.303,-0.441,0.334,3.784,-16,16,-5
434.354,-0.441,0.334,3.784,-16,16,-6
434.405,-0.441,0.334,3.798,-17,16,-6
434.508,-0.441,0.334,3.833,-15,16,-9
434.559,-0.344,0.291,3.833,-13,16,-12
434.610,-0.344,0.291,3.871,-12,16,-13
434.661,-0.344,0.291,3.879,-10,16,-12
434.712,-0.344,0.291,3.882,-9,16,-12
434.763,-0.344,0.291,3.913,-8,16,-12
434.814,-0.253,0.258,3.913,-8,16,-11
434.865,-0.253,0.258,3.908,-7,16,-12
434.916,-0.253,0.258,3.925,-8,15,-12
434.967,-0.253,0.258,3.923,-7,16,-11
435.018,-0.253,0.258,3.923,-6,16,-12
435.069,-0.253,0.258,3.939,-6,16,-12
435.120,-0.161,0.215,3.944,-6,16,-11
435.171,-0.161,0.215,3.959,-6,16,-12
435.222,-0.161,0.215,3.958,-1,16,-12
435.273,-0.161,0.215,3.958,0,16,-13
435.324,-0.161,0.215,3.954,0,15,-13
435.375,-0.161,0.215,3.949,0,16,-15
435.426,-0.067,0.173,3.935,-1,15,-13
435.477,-0.067,0.173,3.945,-1,15,-14
435.528,-0.067,0.173,3.945,0,16,-14
435.579,-0.067,0.173,3.935,0,15,-14
435.630,-0.067,0.173,3.929,1,15,-13
435.681,0.019,0.127,3.926,0,16,-14
435.732,0.019,0.127,3.926,0,15,-14
435.783,0.019,0.127,3.936,0,15,-14
435.834,0.019,0.127,3.935,0,15,-14
435.885,0.019,0.127,3.926,0,15,-14
435.936,0.019,0.127,3.930,0,15,-14
435.987,0.095,0.080,3.930,0,15,-14
436.038,0.095,0.080,3.935,0,15,-14
436.089,0.095,0.080,3.930,0,15,-14
436.140,0.095,0.080,3.925,0,15,-13
436.191,0.095,0.080,3.925,0,15,-14
436.242,0.095,0.080,3.921,0,15,-14
436.293,0.095,0.080,3.926,0,15,-14
436.344,0.095,0.080,3.939,0,14,-14
436.395,0.095,0.080,3.935,0,15,-14
436.446,0.095,0.080,3.935,0,15,-14
436.497,0.095,0.080,3.944,0,15,-14
436.548,0.185,0.024,3.952,0,14,-15
436.599,0.185,0.024,3.952,0,15,-14
436.650,0.185,0.024,3.952,-1,15,-14
436.701,0.185,0.024,3.971,2,14,-14
436.753,0.185,0.024,3.971,9,13,-15
436.805,0.185,0.024,3.928,13,9,-15
436.856,0.264,-0.038,3.921,14,6,-15
436.907,0.264,-0.038,3.921,16,7,-15
436.958,0.264,-0.038,3.888,15,7,-16
437.009,0.264,-0.038,3.869,15,6,-15
437.060,0.264,-0.038,3.847,16,6,-16
437.111,0.331,-0.110,3.824,15,6,-15
437.162,0.331,-0.110,3.824,16,6,-16
437.213,0.331,-0.110,3.785,16,6,-15
437.264,0.331,-0.110,3.764,15,7,-16
437.315,0.331,-0.110,3.730,15,6,-16
437.621,0.397,-0.199,3.607,16,6,-16
437.672,0.397,-0.199,3.575,15,6,-16
437.774,0.414,-0.278,3.524,16,6,-16
437.825,0.414,-0.278,3.524,16,6,-16
437.978,0.414,-0.278,3.430,16,6,-16
438.080,0.414,-0.278,3.393,15,7,-16
438.131,0.414,-0.278,3.366,16,5,-16
438.182,0.414,-0.278,3.340,16,6,-16
438.233,0.414,-0.278,3.304,16,7,-16
438.284,0.401,-0.385,3.289,16,6,-16
438.335,0.401,-0.385,3.289,16,5,-16
438.488,0.401,-0.385,3.227,16,6,-16
438.539,0.367,-0.493,3.227,16,5,-16
438.590,0.367,-0.493,3.187,16,7,-16
438.743,0.367,-0.493,3.114,16,6,-15
438.845,0.312,-0.597,3.102,16,6,-16
439.049,0.312,-0.597,3.029,15,6,-16
439.100,0.312,-0.597,3.035,16,6,-16
439.151,0.256,-0.699,2.986,16,6,-16
439.202,0.256,-0.699,2.968,16,6,-16
439.304,0.256,-0.699,2.959,16,6,-17
439.508,0.256,-0.699,2.924,16,5,-17
439.610,0.256,-0.699,2.887,16,8,-16
439.712,0.178,-0.788,2.862,16,6,-17
439.865,0.178,-0.788,2.844,16,6,-16
440.018,0.097,-0.871,2.805,16,5,-16
440.069,0.097,-0.871,2.799,16,6,-16
440.120,0.097,-0.871,2.787,16,7,-17
440.171,0.097,-0.871,2.787,16,5,-16
440.222,0.097,-0.871,2.765,16,6,-16
440.273,0.010,-0.950,2.759,16,7,-16
440.324,0.010,-0.950,2.767,16,6,-17
440.375,0.010,-0.950,2.755,16,6,-16
440.426,0.010,-0.950,2.755,16,5,-16
440.477,0.010,-0.950,2.742,17,7,-16
440.528,0.010,-0.950,2.737,16,6,-16
440.579,0.010,-0.950,2.719,16,6,-17
440.630,0.010,-0.950,2.719,16,6,-16
440.681,0.010,-0.950,2.726,16,5,-16
440.732,0.010,-0.950,2.718,16,6,-17
440.783,0.010,-0.950,2.713,16,6,-16
440.834,0.010,-0.950,2.704,16,6,-16
440.885,-0.103,-1.033,2.704,17,6,-16
440.936,-0.103,-1.033,2.708,16,6,-17
440.987,-0.103,-1.033,2.707,16,5,-16
441.038,-0.103,-1.033,2.711,16,6,-16
441.089,-0.103,-1.033,2.711,16,6,-16
441.140,-0.205,-1.092,2.724,16,6,-17
441.191,-0.205,-1.092,2.727,16,6,-16
441.242,-0.205,-1.092,2.745,16,6,-16
441.293,-0.205,-1.092,2.739,16,6,-16
441.344,-0.205,-1.092,2.739,16,6,-16
441.395,-0.205,-1.092,2.759,16,6,-17
441.446,-0.317,-1.144,2.760,17,6,-16
441.497,-0.317,-1.144,2.780,16,6,-16
441.548,-0.317,-1.144,2.803,16,6,-17
441.600,-0.317,-1.144,2.803,16,9,-17
441.652,-0.317,-1.144,2.799,7,12,-16
441.703,-0.317,-1.144,2.815,1,12,-16
441.754,-0.317,-1.144,2.838,4,13,-16
441.805,-0.317,-1.144,2.838,2,15,-15
441.856,-0.317,-1.144,2.851,1,14,-16
441.907,-0.317,-1.144,2.875,1,13,-15
441.958,-0.317,-1.144,2.906,1,15,-16
442.009,-0.317,-1.144,2.912,1,14,-15
442.060,-0.317,-1.144,2.912,0,14,-16
442.111,-0.317,-1.144,2.918,0,14,-15
442.162,-0.317,-1.144,2.940,0,14,-15
442.213,-0.317,-1.144,2.950,0,14,-15
442.264,-0.317,-1.144,2.950,0,14,-15
442.367,0.308,0.000,2.997,-6,15,-15
442.418,0.308,0.000,2.994,-7,14,-13
442.470,0.308,0.000,3.031,-7,15,-14
442.521,0.308,0.000,3.031,-7,15,-12
442.572,0.210,-0.046,3.042,-7,15,-12
442.623,0.210,-0.046,3.065,-8,16,-12
442.674,0.210,-0.046,3.082,-8,15,-12
442.725,0.210,-0.046,3.090,-6,15,-12
442.776,0.210,-0.046,3.090,-7,16,-11
442.827,0.210,-0.046,3.098,-7,15,-11
442.878,0.120,-0.106,3.118,-6,16,-11
442.929,0.120,-0.106,3.114,-7,15,-11
442.980,0.120,-0.106,3.114,-8,15,-11
443.031,0.120,-0.106,3.135,-6,16,-11
443.082,0.120,-0.106,3.146,-7,15,-11
443.133,0.120,-0.106,3.157,-6,16,-11
443.184,0.120,-0.106,3.176,-6,15,-11
443.235,0.120,-0.106,3.176,-7,16,-11
443.286,0.120,-0.106,3.182,-7,15,-11
443.337,0.120,-0.106,3.188,-6,16,-11
443.388,0.120,-0.106,3.188,-6,15,-11
443.439,-0.841,-1.487,3.188,-6,16,-10
443.490,-0.841,-1.487,3.191,-7,15,-11
443.541,-0.841,-1.487,3.211,-7,16,-11
443.592,-0.841,-1.487,3.217,-8,16,-11
443.643,-0.841,-1.487,3.215,-6,15,-10
443.694,-0.841,-1.487,3.215,-6,16,-11
443.745,-0.841,-1.487,3.246,-7,16,-11
443.796,-0.841,-1.487,3.249,-6,15,-11
443.847,-0.841,-1.487,3.255,-7,16,-10
443.898,-0.841,-1.487,3.258,-7,16,-11
443.949,-0.841,-1.487,3.258,-6,16,-11
444.000,-0.841,-1.487,3.260,-7,16,-11
444.051,-0.867,-1.594,3.277,-6,15,-11
444.102,-0.867,-1.594,3.279,-7,16,-11
444.153,-0.867,-1.594,3.279,-7,16,-11
444.204,-0.867,-1.594,3.280,-7,16,-11
444.255,-0.867,-1.594,3.290,-6,16,-11
444.306,-0.882,-1.703,3.288,-6,16,-10
444.357,-0.882,-1.703,3.301,-7,16,-11
444.459,-0.882,-1.703,3.305,-6,16,-10
444.510,-0.882,-1.703,3.305,-7,16,-11
444.561,-0.882,-1.703,3.313,-6,16,-11
444.612,-0.889,-1.812,3.313,-6,16,-10
444.663,-0.889,-1.812,3.311,-7,16,-11
444.714,-0.889,-1.812,3.324,-9,16,-13
444.766,-0.889,-1.812,3.358,-13,6,-15
444.817,-0.889,-1.812,3.459,-16,3,-16
444.868,-0.889,-1.812,3.459,-15,4,-16
444.919,-0.895,-1.923,3.537,-15,4,-15
444.970,-0.895,-1.923,3.626,-15,4,-16
445.021,-0.895,-1.923,3.707,-15,2,-15
445.072,-0.895,-1.923,3.715,-16,3,-16
445.123,-0.895,-1.923,3.800,-15,2,-16
445.174,-0.895,-1.923,3.892,-16,3,-15
445.225,-0.895,-1.923,3.974,-15,2,-16
445.276,-0.895,-1.923,4.071,-15,2,-16
445.327,-0.895,-1.923,4.071,-16,2,-16
445.378,-0.895,-1.923,4.162,-15,1,-16
445.429,-0.895,-1.923,4.266,-16,2,-15
445.480,-0.896,-2.033,4.350,-15,2,-16
445.531,-0.896,-2.033,4.457,-16,1,-16
445.582,-0.896,-2.033,4.457,-16,2,-16
445.633,-0.896,-2.033,4.545,-15,2,-16
445.684,-0.896,-2.033,4.626,-16,2,-16
445.735,-0.885,-2.139,4.722,-15,2,-16
445.786,-0.885,-2.139,4.722,-16,2,-16
445.837,-0.885,-2.139,4.813,-16,1,-16
445.889,-0.885,-2.139,4.914,-12,11,-15
445.940,-0.885,-2.139,4.943,-9,15,-13
445.991,-0.885,-2.139,4.951,-10,16,-12
446.042,-0.865,-2.234,4.951,-9,15,-12
446.093,-0.865,-2.234,4.953,-8,16,-12
446.144,-0.865,-2.234,4.949,-9,15,-11
446.196,-0.865,-2.234,4.966,-8,16,-12
446.248,-0.865,-2.234,4.958,-8,16,-12
446.300,-0.865,-2.234,4.958,-8,16,-11
446.351,-0.817,-2.308,4.957,-7,16,-11
446.403,-0.817,-2.308,4.949,-7,16,-11
446.454,-0.817,-2.308,4.944,-8,15,-11
446.505,-0.817,-2.308,4.944,-7,16,-11
446.556,-0.817,-2.308,4.948,-6,16,-11
446.607,-0.746,-2.333,4.939,-7,16,-11
446.658,-0.746,-2.333,4.932,-6,15,-11
446.709,-0.746,-2.333,4.926,-7,16,-10
446.760,-0.746,-2.333,4.926,-8,16,-11
446.811,-0.746,-2.333,4.928,-7,15,-11
446.862,-0.746,-2.333,4.927,-7,16,-11
446.913,-0.746,-2.333,4.907,-6,16,-11
446.964,-0.746,-2.333,4.907,-6,16,-10
447.015,-0.746,-2.333,4.924,-7,15,-11
447.066,-0.746,-2.333,4.922,-7,16,-11
447.117,-0.746,-2.333,4.911,-7,16,-11
447.168,-0.746,-2.333,4.916,-6,16,-11
447.219,-0.643,-2.326,4.916,-7,16,-11
447.270,-0.643,-2.326,4.904,-7,16,-10
447.321,-0.643,-2.326,4.903,-6,16,-11
447.372,-0.643,-2.326,4.917,-7,16,-11
447.423,-0.643,-2.326,4.912,-7,16,-10
447.474,-0.532,-2.298,4.912,-6,16,-11
447.525,-0.532,-2.298,4.901,-7,15,-11
447.576,-0.532,-2.298,4.906,-6,16,-11
447.627,-0.532,-2.298,4.905,-7,16,-11
447.678,-0.532,-2.298,4.905,-7,16,-10
447.729,-0.532,-2.298,4.907,-6,16,-11
447.780,-0.532,-2.298,4.905,-7,16,-10
447.831,-0.532,-2.298,4.902,-7,16,-11
447.882,-0.532,-2.298,4.904,-7,16,-11
447.933,-0.532,-2.298,4.904,-7,16,-11
447.984,-0.532,-2.298,4.915,-7,16,-10
448.035,-0.532,-2.298,4.925,-6,16,-11
448.086,-0.532,-2.298,4.909,-7,16,-11
448.138,-0.532,-2.298,4.909,-9,16,-12
448.189,-0.532,-2.298,4.918,-11,15,-14
448.240,-0.532,-2.298,4.951,-12,15,-14
448.291,-0.532,-2.298,4.974,-12,16,-14
448.342,-0.385,-2.242,5.035,-12,15,-15
448.393,-0.385,-2.242,5.035,-12,15,-15
448.445,-0.385,-2.242,5.038,-13,15,-15
448.497,-0.385,-2.242,5.110,-14,13,-16
448.549,-0.385,-2.242,5.167,-16,4,-16
448.600,-0.385,-2.242,5.278,-15,-1,-17
448.651,-0.237,-2.181,5.278,-15,3,-16
448.702,-0.237,-2.181,5.374,-15,3,-15
448.753,-0.237,-2.181,5.480,-15,2,-16
448.804,-0.237,-2.181,5.556,-16,1,-15
448.855,-0.237,-2.181,5.556,-15,2,-16
448.906,-0.111,-2.121,5.657,-15,3,-16
448.957,-0.111,-2.121,5.761,-16,2,-16
449.010,-0.111,-2.121,5.862,-15,9,-16
449.061,-0.111,-2.121,5.901,-14,12,-15
449.112,-0.111,-2.121,5.901,-14,12,-16
449.163,-0.111,-2.121,5.958,-13,13,-16
449.214,-0.111,-2.121,5.996,-14,13,-15
449.265,-0.111,-2.121,6.069,-14,12,-16
449.316,-0.111,-2.121,6.123,-14,13,-16
449.367,-0.111,-2.121,6.123,-14,11,-16
449.418,-0.111,-2.121,6.190,-14,13,-16
449.469,-0.111,-2.121,6.232,-14,11,-16
449.520,0.006,-2.041,6.293,-14,12,-16
449.571,0.006,-2.041,6.293,-13,12,-17
449.622,0.006,-2.041,6.363,-14,11,-16
449.673,0.006,-2.041,6.420,-14,11,-16
449.724,0.006,-2.041,6.473,-13,12,-16
449.775,0.065,-1.952,6.554,-14,11,-16
449.827,0.065,-1.952,6.554,8,14,4
449.878,0.065,-1.952,6.526,12,16,6
449.929,0.065,-1.952,6.395,11,16,4
449.981,0.065,-1.952,6.280,13,15,6
450.032,0.065,-1.952,6.280,12,15,5
450.083,0.091,-1.851,6.171,12,15,7
450.236,0.091,-1.851,5.862,-6,14,-8
450.287,0.091,-1.851,5.862,-11,14,-14
450.338,0.091,-1.851,5.853,-9,14,-13
450.389,0.091,-1.851,5.906,-9,15,-14
450.440,0.091,-1.851,5.928,-8,15,-13
450.491,0.091,-1.851,5.920,-8,16,-13
450.542,0.091,-1.851,5.920,-8,15,-13
450.593,0.091,-1.851,5.936,-7,16,-12
450.644,0.083,-1.749,5.953,-8,15,-13
450.695,0.083,-1.749,5.959,-7,15,-11
450.746,0.083,-1.749,5.959,-7,16,-12
450.797,0.083,-1.749,5.990,-8,15,-12
450.848,0.083,-1.749,5.983,-6,16,-12
450.899,0.083,-1.749,5.987,-7,16,-11
450.950,0.065,-1.653,6.004,-7,15,-11
451.052,0.065,-1.653,5.994,-7,15,-11
451.103,0.065,-1.653,6.009,-8,16,-11
451.154,0.065,-1.653,5.994,-7,16,-11
451.205,0.042,-1.569,5.994,-6,16,-11
451.256,0.042,-1.569,6.013,-7,15,-10
451.307,0.042,-1.569,5.989,-6,16,-12
451.511,0.025,-1.487,6.018,-7,16,-11
451.562,0.025,-1.487,6.019,-7,16,-11
451.613,0.025,-1.487,6.039,-6,15,-11
451.664,0.025,-1.487,6.039,-8,16,-11
451.715,0.025,-1.487,6.025,-7,16,-11
451.766,0.025,-1.487,6.034,-6,16,-10
452.225,0.016,-1.391,6.074,-7,16,-11
452.276,0.016,-1.391,6.089,-7,16,-11
452.327,0.016,-1.391,6.074,-6,16,-11
452.480,-0.002,-1.273,6.092,-7,16,-11
452.583,-0.002,-1.273,6.102,1,16,-3
452.634,-0.002,-1.273,6.102,8,18,7
452.736,-0.026,-1.158,5.845,12,16,9
452.787,-0.026,-1.158,5.743,12,16,8
452.838,-0.026,-1.158,5.743,12,16,7
452.889,-0.026,-1.158,5.596,10,16,8
452.991,-0.026,-1.158,5.375,11,16,6
453.144,-0.026,-1.158,5.145,10,16,6
453.246,-0.090,-0.963,4.915,10,16,5
453.348,-0.090,-0.963,4.803,10,16,5
453.501,-0.090,-0.963,4.517,-6,16,-8
453.552,-0.090,-0.963,4.517,-12,14,-13
453.603,-0.090,-0.963,4.526,-10,16,-13
453.909,-0.117,-0.912,4.630,-8,16,-12
453.960,-0.117,-0.912,4.649,-8,16,-13
454.062,-0.117,-0.912,4.657,-8,16,-12
454.215,-0.117,-0.874,4.702,-7,17,-11
454.266,-0.117,-0.874,4.702,-7,16,-11
454.317,-0.117,-0.874,4.708,-7,16,-11
454.368,-0.117,-0.874,4.707,-7,16,-11
454.419,-0.085,-0.843,4.719,-7,16,-11
454.470,-0.085,-0.843,4.719,-7,16,-11
454.521,-0.085,-0.843,4.729,-7,16,-11
454.572,-0.085,-0.843,4.755,-7,17,-11
454.623,-0.085,-0.843,4.772,-7,16,-11
454.674,-0.025,-0.803,4.764,-7,16,-10
454.725,-0.025,-0.803,4.764,-7,16,-11
454.776,-0.025,-0.803,4.797,-7,16,-11
454.827,-0.025,-0.803,4.811,-7,16,-10
454.878,-0.025,-0.803,4.822,-7,16,-11
455.031,0.057,-0.764,4.839,-6,16,-11
455.592,0.209,-0.670,4.999,-7,16,-11
455.644,0.209,-0.670,4.999,-7,16,-10
455.695,0.209,-0.670,5.035,-7,17,-11
455.747,0.209,-0.670,5.075,-8,16,-11
455.798,0.209,-0.670,5.076,-8,16,-10
455.849,0.282,-0.620,5.093,-7,16,-10
455.900,0.282,-0.620,5.093,-7,16,-11
455.951,0.282,-0.620,5.108,-7,16,-10
456.002,0.282,-0.620,5.146,-7,17,-11
456.104,0.353,-0.564,5.178,-7,16,-11
456.155,0.353,-0.564,5.178,-7,16,-10
456.258,0.353,-0.564,5.222,-2,16,-12
456.411,0.426,-0.505,5.214,-1,16,-13
456.462,0.426,-0.505,5.224,2,15,-14
456.666,0.426,-0.505,5.238,0,16,-14
456.768,0.493,-0.448,5.121,15,17,3
456.870,0.493,-0.448,5.032,15,16,0
456.972,0.566,-0.396,4.844,15,16,1
457.023,0.566,-0.396,4.718,16,17,2
457.074,0.566,-0.396,4.718,16,16,3
457.125,0.566,-0.396,4.598,15,16,2
457.176,0.566,-0.396,4.500,15,16,2
457.227,0.566,-0.396,4.387,16,16,1
457.278,0.629,-0.360,4.382,16,16,1
457.329,0.629,-0.360,4.270,15,16,2
457.380,0.629,-0.360,4.168,15,17,1
457.431,0.629,-0.360,4.075,16,16,2
457.482,0.629,-0.360,3.956,15,16,2
457.533,0.629,-0.360,3.956,16,16,1
457.584,0.669,-0.335,3.849,15,17,1
457.635,0.669,-0.335,3.727,16,16,2
457.686,0.669,-0.335,3.617,15,16,3
457.737,0.669,-0.335,3.489,16,16,2
457.788,0.669,-0.335,3.489,15,16,1
457.839,0.707,-0.324,3.392,16,17,1
457.890,0.707,-0.324,3.281,15,16,1
457.992,0.707,-0.324,3.161,15,16,2
458.196,0.722,-0.325,2.663,16,16,2
458.247,0.722,-0.325,2.663,16,17,2
458.451,0.722,-0.325,2.256,16,17,2
458.502,0.722,-0.325,2.117,16,16,2
458.553,0.722,-0.325,1.995,16,16,2
458.604,0.722,-0.325,1.871,15,17,1
458.655,0.722,-0.325,1.748,16,16,1
458.859,0.731,-0.338,1.365,15,17,-4
458.910,0.731,-0.338,1.349,2,15,-11
458.961,0.731,-0.338,1.327,0,15,-15
459.012,0.742,-0.354,1.283,2,15,-14
459.063,0.742,-0.354,1.268,0,16,-15
459.216,0.742,-0.354,1.238,-1,16,-14
459.267,0.731,-0.367,1.213,0,16,-15
459.318,0.731,-0.367,1.208,1,15,-15
459.369,0.731,-0.367,1.178,0,16,-14
459.420,0.731,-0.367,1.178,0,15,-15
459.471,0.731,-0.367,1.178,0,15,-14
459.522,0.731,-0.367,1.174,0,16,-15
459.573,0.697,-0.368,1.117,11,16,2
459.675,0.697,-0.368,1.009,15,16,2
459.879,0.697,-0.368,0.659,15,16,2
459.930,0.697,-0.368,0.546,16,16,2
460.032,0.697,-0.368,0.312,16,16,3
460.083,0.697,-0.368,0.312,15,16,2
460.134,0.634,-0.340,0.203,16,16,2
460.185,0.634,-0.340,0.106,15,16,2
460.236,0.634,-0.340,0.018,16,16,2
460.287,0.634,-0.340,-0.098,15,16,1
460.338,0.634,-0.340,-0.098,-9,1,-11
460.389,0.634,-0.340,-0.097,-15,-2,-17
460.797,0.520,-0.298,0.565,-15,1,-16
460.848,0.520,-0.298,0.672,-15,0,-16
460.899,0.520,-0.298,0.776,-16,0,-16
460.950,0.520,-0.298,0.889,-15,-1,-17
461.001,0.489,-0.262,0.991,-16,-2,-16
461.052,0.489,-0.262,0.991,-15,-1,-17
461.103,0.489,-0.262,1.112,-15,0,-16
461.154,0.489,-0.262,1.217,-16,0,-16
461.205,0.489,-0.262,1.331,-15,0,-16
461.358,0.473,-0.233,1.528,8,11,0
461.511,0.473,-0.233,1.368,1,14,-14
461.613,0.473,-0.233,1.374,-3,15,-16
461.817,0.473,-0.233,1.373,0,15,-15
462.634,0.360,-0.143,1.455,0,0,1
462.736,0.264,-0.116,1.435,-1,-1,0
462.787,0.264,-0.116,1.442,0,0,1
462.838,0.264,-0.116,1.448,0,0,2
462.889,0.264,-0.116,1.448,0,0,0
462.940,0.264,-0.116,1.439,0,0,0
462.991,0.264,-0.116,1.436,0,0,0
463.042,0.264,-0.116,1.439,0,0,-1
463.093,0.264,-0.116,1.441,0,0,0
463.144,0.264,-0.116,1.441,0,0,0
463.195,0.264,-0.116,1.436,0,0,0
463.246,0.264,-0.116,1.445,0,0,0
463.297,0.181,-0.101,1.435,0,0,0
463.348,0.181,-0.101,1.435,0,0,0
463.399,0.181,-0.101,1.429,0,0,0
463.450,0.181,-0.101,1.443,0,0,0
463.501,0.181,-0.101,1.437,0,0,0
463.552,0.181,-0.101,1.430,0,0,0
463.603,0.130,-0.094,1.430,0,1,0
463.654,0.130,-0.094,1.443,0,0,0
463.705,0.130,-0.094,1.435,0,0,0
463.756,0.130,-0.094,1.440,0,0,0
463.807,0.130,-0.094,1.446,0,0,0
463.858,0.130,-0.094,1.446,0,0,0
463.909,0.103,-0.091,1.438,0,0,0
463.960,0.103,-0.091,1.444,0,0,0
464.011,0.103,-0.091,1.442,0,0,1
464.062,0.103,-0.091,1.442,0,0,0
464.113,0.103,-0.091,1.441,0,0,0
464.164,0.104,-0.091,1.434,0,0,0
464.215,0.104,-0.091,1.431,0,0,0
464.266,0.104,-0.091,1.430,0,0,0
464.317,0.104,-0.091,1.430,0,0,0
464.368,0.104,-0.091,1.438,0,0,0
464.419,0.104,-0.091,1.444,0,0,0
464.470,0.104,-0.090,1.433,0,0,0
464.521,0.104,-0.090,1.433,0,0,0
464.572,0.104,-0.090,1.428,1,0,0
464.623,0.104,-0.090,1.435,0,0,0
464.674,0.104,-0.090,1.429,0,0,0
464.725,0.104,-0.090,1.440,0,0,0
464.776,0.104,-0.090,1.440,0,0,0
464.827,0.104,-0.090,1.435,0,0,0
464.878,0.104,-0.090,1.438,0,0,0
464.929,0.104,-0.090,1.441,0,0,0
464.980,0.104,-0.090,1.441,0,0,0
465.031,0.104,-0.089,1.439,0,0,0
465.082,0.104,-0.089,1.443,0,0,0
465.133,0.104,-0.089,1.442,0,0,0
465.184,0.104,-0.089,1.430,0,0,0
465.235,0.104,-0.089,1.430,0,0,0
465.286,0.104,-0.089,1.427,0,0,0
465.337,0.104,-0.089,1.431,0,0,0
465.388,0.104,-0.089,1.444,0,0,0
465.439,0.104,-0.089,1.441,0,0,0
465.490,0.104,-0.089,1.441,0,0,0
465.541,0.104,-0.089,1.443,0,0,0
465.592,0.102,-0.089,1.423,0,0,0
465.643,0.102,-0.089,1.440,0,0,0
465.694,0.102,-0.089,1.440,0,0,0
465.745,0.102,-0.089,1.437,0,0,0
465.796,0.102,-0.089,1.441,0,0,0
465.847,0.102,-0.089,1.438,0,0,0
465.898,0.102,-0.089,1.440,0,0,0
465.949,0.102,-0.089,1.440,0,0,0
466.000,0.102,-0.089,1.450,0,0,0
466.051,0.102,-0.089,1.432,0,0,0
466.102,0.102,-0.089,1.447,0,0,0
466.153,0.102,-0.089,1.447,0,0,0
466.204,0.103,-0.089,1.436,0,0,0
466.255,0.103,-0.089,1.438,0,0,0
466.306,0.103,-0.089,1.445,0,0,0
466.357,0.103,-0.089,1.445,0,0,0
466.408,0.103,-0.089,1.445,0,0,0
466.459,0.103,-0.089,1.440,0,0,0
466.510,0.103,-0.089,1.426,0,0,0
466.561,0.103,-0.089,1.439,0,0,0
466.612,0.103,-0.089,1.439,0,0,0
466.663,0.103,-0.089,1.435,0,0,0
466.714,0.103,-0.089,1.442,0,0,0
466.765,0.104,-0.089,1.423,0,0,0
466.816,0.104,-0.089,1.426,0,0,0
466.867,0.104,-0.089,1.426,0,0,0
466.918,0.104,-0.089,1.441,0,0,0
466.969,0.104,-0.089,1.434,0,0,0
467.020,0.104,-0.089,1.447,0,0,0
467.071,0.105,-0.090,1.431,0,0,0
467.122,0.105,-0.090,1.431,0,0,0
467.173,0.105,-0.090,1.446,0,0,0
467.224,0.105,-0.090,1.438,0,0,0
467.275,0.105,-0.090,1.428,0,0,0
467.326,0.105,-0.090,1.428,0,0,0
467.377,0.105,-0.090,1.441,0,0,0
467.428,0.105,-0.090,1.442,0,0,0
467.479,0.105,-0.090,1.447,0,0,0
467.530,0.105,-0.090,1.422,0,0,0
467.581,0.105,-0.090,1.422,0,0,0
467.632,0.104,-0.089,1.439,0,0,0
467.683,0.104,-0.089,1.438,0,0,0
467.734,0.104,-0.089,1.429,0,0,0
467.785,0.104,-0.089,1.429,0,0,0
467.836,0.104,-0.089,1.431,0,0,0
467.887,0.104,-0.089,1.436,0,0,0
467.938,0.104,-0.088,1.448,0,0,0
467.989,0.104,-0.088,1.448,0,0,0
468.040,0.104,-0.088,1.448,0,0,0
468.091,0.104,-0.088,1.444,0,0,0
468.142,0.104,-0.088,1.434,0,0,0
468.193,0.104,-0.088,1.436,0,0,0
468.244,0.104,-0.088,1.436,0,0,0
468.295,0.104,-0.088,1.429,0,0,0
468.346,0.104,-0.088,1.442,0,0,0
468.397,0.104,-0.088,1.435,0,0,0
468.448,0.104,-0.088,1.445,0,0,0
468.499,0.105,-0.088,1.445,0,0,0
468.550,0.105,-0.088,1.437,0,0,0
468.601,0.105,-0.088,1.433,0,0,0
468.652,0.105,-0.088,1.438,0,0,0
468.703,0.105,-0.088,1.434,0,0,0
468.754,0.105,-0.088,1.434,0,0,0
468.805,0.106,-0.089,1.442,0,0,0
468.856,0.106,-0.089,1.445,0,0,0
468.907,0.106,-0.089,1.444,0,0,0
468.958,0.106,-0.089,1.444,0,0,0
469.009,0.106,-0.089,1.438,0,0,0
469.060,0.106,-0.090,1.445,0,0,0
469.111,0.106,-0.090,1.430,0,0,0
469.162,0.106,-0.090,1.441,0,0,0
469.213,0.106,-0.090,1.441,0,0,0
469.264,0.106,-0.090,1.438,0,0,0
469.315,0.106,-0.090,1.438,0,-1,0
469.366,0.106,-0.090,1.445,0,0,0
469.417,0.106,-0.090,1.445,0,0,0
469.468,0.106,-0.090,1.433,0,0,0
469.519,0.106,-0.090,1.434,0,0,0
469.570,0.106,-0.090,1.434,0,0,0
469.621,0.106,-0.090,1.438,0,0,0
469.672,0.106,-0.090,1.438,0,0,0
469.723,0.106,-0.090,1.447,0,0,0
469.774,0.106,-0.090,1.429,0,0,0
469.825,0.106,-0.090,1.433,0,0,0
469.876,0.106,-0.090,1.433,0,0,0
469.927,0.106,-0.090,1.429,0,0,0
469.978,0.106,-0.090,1.435,0,0,0
470.029,0.106,-0.090,1.444,0,0,0
470.080,0.106,-0.090,1.432,0,0,0
470.131,0.106,-0.090,1.432,0,0,0
470.182,0.106,-0.090,1.425,0,0,0
470.233,0.105,-0.089,1.432,0,0,0
470.284,0.105,-0.089,1.450,0,0,0
470.335,0.105,-0.089,1.441,0,0,0
470.386,0.105,-0.089,1.441,0,0,0
470.437,0.105,-0.089,1.416,0,0,0
470.488,0.105,-0.089,1.430,0,0,0
470.539,0.105,-0.089,1.446,0,0,0
470.590,0.105,-0.089,1.446,0,0,0
470.641,0.105,-0.089,1.444,0,0,0
470.692,0.105,-0.089,1.425,0,0,0
470.743,0.105,-0.089,1.436,0,0,0
470.794,0.105,-0.088,1.433,0,0,-1
470.845,0.105,-0.088,1.433,0,0,0
470.896,0.105,-0.088,1.430,0,0,0
470.947,0.105,-0.088,1.428,0,0,0
470.998,0.105,-0.088,1.435,0,0,0
471.049,0.105,-0.088,1.435,0,0,0
471.100,0.105,-0.088,1.427,0,0,0
471.151,0.105,-0.088,1.448,0,0,0
471.202,0.105,-0.088,1.440,0,0,0
471.253,0.105,-0.088,1.429,0,0,0
471.304,0.105,-0.088,1.429,0,0,0
471.355,0.105,-0.088,1.427,0,0,0
471.406,0.105,-0.088,1.444,0,0,0
471.457,0.105,-0.088,1.434,0,0,0
471.508,0.105,-0.088,1.434,0,0,0
471.559,0.105,-0.088,1.433,0,0,0
471.610,0.105,-0.088,1.428,0,0,0
471.661,0.105,-0.087,1.434,0,0,0
471.712,0.105,-0.087,1.434,0,0,0
471.763,0.105,-0.087,1.434,0,0,0
471.814,0.105,-0.087,1.432,0,0,0
471.865,0.105,-0.087,1.419,0,0,0
471.916,0.105,-0.087,1.444,0,0,0
471.967,0.105,-0.087,1.436,0,0,0
472.018,0.105,-0.087,1.436,0,0,0
472.069,0.105,-0.087,1.439,0,0,0
472.120,0.105,-0.087,1.441,0,0,0
472.171,0.105,-0.087,1.440,0,0,0
472.222,0.104,-0.086,1.440,0,0,0
472.273,0.104,-0.086,1.438,0,0,0
472.324,0.104,-0.086,1.427,0,0,0
472.375,0.104,-0.086,1.433,0,0,0
472.426,0.104,-0.086,1.432,0,0,0
472.477,0.104,-0.086,1.432,0,0,0
472.528,0.104,-0.087,1.444,0,0,0
472.579,0.104,-0.087,1.433,0,0,0
472.630,0.104,-0.087,1.427,0,0,0
472.681,0.104,-0.087,1.427,0,0,0
472.732,0.104,-0.087,1.450,0,0,0
472.783,0.104,-0.087,1.442,0,0,0
472.834,0.104,-0.087,1.429,0,0,0
472.885,0.104,-0.087,1.429,0,0,0
472.936,0.104,-0.087,1.429,0,0,0
472.987,0.104,-0.087,1.441,0,0,0
473.038,0.104,-0.087,1.439,0,0,0
473.089,0.104,-0.088,1.429,0,0,0
473.140,0.104,-0.088,1.429,0,0,0
473.191,0.104,-0.088,1.429,0,0,0
473.242,0.104,-0.088,1.435,0,0,0
473.293,0.104,-0.088,1.431,0,0,0
473.344,0.104,-0.088,1.448,0,0,0
473.395,0.105,-0.089,1.448,0,0,0
473.446,0.105,-0.089,1.442,0,0,0
473.497,0.105,-0.089,1.436,0,0,0
473.548,0.105,-0.089,1.426,0,0,0
473.599,0.105,-0.089,1.440,0,0,0
473.650,0.105,-0.089,1.440,0,0,0
473.701,0.105,-0.089,1.434,0,0,0
473.752,0.105,-0.089,1.445,0,0,0
473.803,0.105,-0.089,1.436,0,0,0
473.854,0.105,-0.089,1.436,0,0,0
473.905,0.105,-0.089,1.436,0,0,0
473.956,0.105,-0.089,1.430,0,0,0
474.007,0.105,-0.089,1.436,0,0,0
474.058,0.105,-0.089,1.440,0,0,0
474.109,0.105,-0.089,1.440,0,0,0
474.160,0.105,-0.089,1.438,0,0,0
474.211,0.105,-0.089,1.435,0,0,0
474.262,0.105,-0.089,1.423,0,0,0
474.313,0.105,-0.089,1.423,0,0,0
474.364,0.105,-0.089,1.435,0,0,0
474.415,0.105,-0.089,1.439,0,0,0
474.466,0.105,-0.089,1.427,0,0,0
474.517,0.105,-0.088,1.447,0,0,0
474.568,0.105,-0.088,1.447,0,0,0
474.619,0.105,-0.088,1.438,0,0,0
474.670,0.105,-0.088,1.453,0,0,0
474.721,0.105,-0.088,1.442,0,0,0
474.772,0.105,-0.088,1.442,0,0,0
474.823,0.105,-0.088,1.441,0,0,0
474.874,0.105,-0.088,1.442,0,0,0
474.925,0.105,-0.088,1.441,0,0,0
474.976,0.105,-0.088,1.424,0,0,0
475.027,0.105,-0.088,1.424,0,0,0
475.078,0.105,-0.088,1.437,0,0,0
475.129,0.104,-0.089,1.435,0,0,0
475.180,0.104,-0.089,1.435,0,0,0
475.231,0.104,-0.089,1.426,0,0,0
475.282,0.104,-0.089,1.426,0,0,0
475.333,0.104,-0.089,1.435,0,0,0
475.384,0.104,-0.089,1.427,0,0,0
475.435,0.104,-0.089,1.432,0,0,0
475.486,0.104,-0.089,1.432,0,0,0
475.537,0.104,-0.089,1.440,0,0,0
475.588,0.104,-0.089,1.435,0,0,0
475.639,0.104,-0.089,1.436,0,0,0
475.690,0.104,-0.089,1.445,0,0,0
475.741,0.104,-0.089,1.445,0,0,0
475.792,0.104,-0.089,1.438,0,0,0
475.843,0.104,-0.089,1.441,0,0,0
475.894,0.104,-0.089,1.431,0,0,0
475.945,0.104,-0.089,1.431,0,0,0
475.996,0.104,-0.089,1.446,0,0,0
476.047,0.104,-0.089,1.434,0,0,0
476.098,0.104,-0.089,1.435,0,0,0
476.149,0.104,-0.089,1.431,0,0,0
476.200,0.104,-0.089,1.431,0,0,0
476.251,0.104,-0.089,1.454,0,0,0
476.302,0.104,-0.089,1.435,0,0,0
476.353,0.104,-0.089,1.439,0,0,0
476.404,0.104,-0.089,1.439,0,0,0
476.455,0.104,-0.089,1.440,0,0,0
476.506,0.104,-0.089,1.433,0,0,0
476.557,0.104,-0.089,1.447,0,0,0
476.608,0.104,-0.089,1.426,0,0,0
476.659,0.104,-0.089,1.426,0,0,0
476.710,0.104,-0.089,1.435,0,0,0
476.761,0.104,-0.089,1.435,0,0,0
476.812,0.104,-0.089,1.452,0,0,0
476.863,0.104,-0.089,1.442,0,0,0
476.914,0.104,-0.089,1.442,0,0,0
476.965,0.104,-0.089,1.441,0,0,0
477.016,0.104,-0.089,1.448,0,0,0
477.067,0.104,-0.089,1.432,0,0,0
477.118,0.104,-0.090,1.432,0,0,0
477.169,0.104,-0.090,1.448,0,0,0
477.220,0.104,-0.090,1.445,0,0,0
477.271,0.104,-0.090,1.429,0,0,0
477.322,0.104,-0.090,1.441,0,0,0
477.373,0.104,-0.090,1.441,0,0,0
477.424,0.104,-0.090,1.431,0,0,0
477.475,0.104,-0.090,1.420,0,0,0
477.526,0.104,-0.090,1.435,0,0,0
477.577,0.104,-0.090,1.435,0,0,0
477.628,0.104,-0.090,1.433,0,0,0
477.679,0.103,-0.089,1.439,0,0,0
477.730,0.103,-0.089,1.454,0,9,-9
477.781,0.103,-0.089,1.469,-6,14,-13
477.832,0.103,-0.089,1.469,-8,14,-13
477.883,0.103,-0.089,1.487,-8,14,-12
477.934,0.103,-0.089,1.526,-8,15,-13
477.985,0.103,-0.088,1.526,-8,16,-13
478.036,0.103,-0.088,1.526,-8,15,-13
478.087,0.103,-0.088,1.555,-7,16,-12
478.138,0.103,-0.088,1.567,-7,15,-13
478.189,0.103,-0.088,1.587,-6,16,-12
478.240,0.103,-0.088,1.605,-8,16,-12
478.291,0.090,-0.090,1.605,-7,15,-12
478.342,0.090,-0.090,1.632,-6,16,-12
478.393,0.090,-0.090,1.640,-7,16,-11
478.444,0.090,-0.090,1.643,-6,15,-12
478.495,0.090,-0.090,1.659,-7,16,-11
478.546,0.053,-0.099,1.659,-6,15,-11
478.597,0.053,-0.099,1.680,-6,16,-12
478.648,0.053,-0.099,1.696,-6,16,-11
478.699,0.053,-0.099,1.709,-6,16,-11
478.750,0.053,-0.099,1.709,-6,15,-11
478.801,0.053,-0.099,1.712,-6,16,-11
478.852,-0.003,-0.117,1.752,-6,16,-11
478.903,-0.003,-0.117,1.728,-7,15,-11
478.954,-0.003,-0.117,1.751,-6,16,-11
479.057,-0.003,-0.117,1.780,-7,16,-11
479.108,-0.003,-0.117,1.795,-7,16,-10
479.159,-0.081,-0.144,1.820,-9,15,-11
479.210,-0.081,-0.144,1.820,-8,16,-10
479.261,-0.081,-0.144,1.843,-7,16,-11
479.312,-0.081,-0.144,1.833,-8,16,-10
479.363,-0.081,-0.144,1.875,-8,16,-11
479.414,-0.164,-0.178,1.874,-7,15,-10
479.568,-0.164,-0.178,1.940,-13,16,-8
479.619,-0.164,-0.178,1.934,-13,16,-6
479.670,-0.164,-0.178,1.945,-15,16,-5
479.721,-0.244,-0.217,1.945,-14,16,-5
479.772,-0.244,-0.217,2.001,-15,16,-6
479.823,-0.244,-0.217,2.009,-15,16,-5
479.874,-0.244,-0.217,2.044,-15,16,-6
479.925,-0.244,-0.217,2.044,-15,16,-7
479.976,-0.244,-0.217,2.057,-15,16,-6
480.027,-0.318,-0.265,2.084,-15,16,-6
480.078,-0.318,-0.265,2.107,-15,16,-6
480.129,-0.318,-0.265,2.140,-14,15,-7
480.180,-0.318,-0.265,2.140,-16,16,-6
480.282,-0.385,-0.324,2.201,-15,16,-7
480.333,-0.385,-0.324,2.224,-15,16,-5
480.436,-0.385,-0.324,2.250,-16,16,1
480.539,-0.385,-0.324,2.241,-15,16,1
480.590,-0.442,-0.402,2.226,-15,16,5
480.642,-0.442,-0.402,2.226,-16,15,9
480.693,-0.442,-0.402,2.196,-15,14,11
480.744,-0.442,-0.402,2.175,-16,14,10
480.795,-0.442,-0.402,2.108,-15,12,11
480.846,-0.484,-0.489,2.065,-16,12,10
480.897,-0.484,-0.489,2.065,-16,12,10
480.948,-0.484,-0.489,2.079,-16,10,10
480.999,-0.484,-0.489,2.023,-15,11,9
481.050,-0.484,-0.489,2.005,-16,10,9
481.101,-0.484,-0.489,2.005,-16,10,8
481.152,-0.507,-0.580,1.982,-15,9,9
481.203,-0.507,-0.580,1.978,-16,9,8
481.254,-0.507,-0.580,1.971,-16,9,9
481.305,-0.507,-0.580,1.948,-15,9,8
481.356,-0.507,-0.580,1.948,-16,9,9
481.458,-0.510,-0.675,1.943,-16,9,8
481.509,-0.510,-0.675,1.919,-16,8,9
481.560,-0.510,-0.675,1.919,-15,9,8
481.611,-0.510,-0.675,1.921,-16,8,8
481.662,-0.510,-0.675,1.914,-16,9,8
481.713,-0.498,-0.765,1.925,-16,8,8
481.815,-0.498,-0.765,1.910,-16,8,8
481.866,-0.498,-0.765,1.913,-15,8,9
481.917,-0.498,-0.765,1.889,-16,8,8
481.968,-0.498,-0.765,1.894,-16,8,8
482.019,-0.478,-0.857,1.894,-16,8,8
482.070,-0.478,-0.857,1.895,-16,9,8
482.172,-0.478,-0.857,1.878,-4,-2,0
482.223,-0.478,-0.857,1.954,-2,-1,-2
482.274,-0.478,-0.857,1.954,-3,1,1
482.325,-0.460,-0.945,1.936,-1,-1,-1
482.376,-0.460,-0.945,1.958,0,-1,-1
482.427,-0.460,-0.945,1.940,0,-1,0
482.478,-0.460,-0.945,1.956,0,0,0
482.529,-0.460,-0.945,1.956,0,0,0
482.580,-0.449,-1.026,1.953,1,0,0
482.631,-0.449,-1.026,1.944,0,0,1
482.682,-0.449,-1.026,1.937,0,1,0
482.733,-0.449,-1.026,1.937,0,0,0
482.784,-0.449,-1.026,1.953,0,0,0
482.835,-0.449,-1.026,1.944,0,0,0
482.886,-0.441,-1.084,1.956,-5,2,2
482.937,-0.441,-1.084,1.927,-13,8,7
482.988,-0.441,-1.084,1.927,-14,10,11
483.039,-0.441,-1.084,1.863,-14,10,9
483.090,-0.441,-1.084,1.862,-16,9,10
483.141,-0.441,-1.084,1.837,-15,10,9
483.192,-0.438,-1.119,1.837,-16,10,10
483.243,-0.438,-1.119,1.836,-16,9,9
483.294,-0.438,-1.119,1.815,-16,10,9
483.345,-0.438,-1.119,1.810,-15,9,9
483.396,-0.438,-1.119,1.803,-16,9,8
483.447,-0.438,-1.119,1.803,-16,9,9
483.498,-0.438,-1.119,1.799,-16,8,8
483.549,-0.438,-1.119,1.803,-16,9,9
483.600,-0.438,-1.119,1.806,-15,8,8
483.651,-0.438,-1.119,1.806,-16,8,8
483.702,-0.438,-1.119,1.799,-16,9,8
483.753,-0.434,-1.173,1.802,-16,8,9
483.804,-0.434,-1.173,1.796,-16,8,8
483.855,-0.434,-1.173,1.800,-16,9,8
483.906,-0.434,-1.173,1.800,-16,8,8
483.957,-0.434,-1.173,1.792,-15,8,8
484.008,-0.429,-1.230,1.804,-16,8,9
484.059,-0.429,-1.230,1.791,-16,8,8
484.110,-0.429,-1.230,1.801,-16,8,8
484.161,-0.429,-1.230,1.801,-16,8,8
484.212,-0.429,-1.230,1.795,-16,9,8
484.263,-0.429,-1.230,1.805,-16,8,8
484.314,-0.426,-1.309,1.792,-16,8,8
484.365,-0.426,-1.309,1.792,-16,9,8
484.416,-0.426,-1.309,1.776,-16,8,9
484.467,-0.426,-1.309,1.793,-16,8,8
484.518,-0.426,-1.309,1.796,-16,8,8
484.569,-0.426,-1.309,1.800,-15,8,8
484.620,-0.424,-1.408,1.800,-5,-1,-1
484.671,-0.424,-1.408,1.816,3,-3,-2
484.722,-0.424,-1.408,1.848,-3,0,1
484.773,-0.424,-1.408,1.847,-1,-1,-1
484.824,-0.424,-1.408,1.847,1,0,-1
484.875,-0.425,-1.500,1.843,1,0,0
484.926,-0.425,-1.500,1.855,-2,-1,0
484.977,-0.425,-1.500,1.862,-1,-1,0
485.028,-0.425,-1.500,1.857,0,0,0
485.079,-0.425,-1.500,1.857,0,0,1
485.130,-0.425,-1.500,1.879,0,0,0
485.181,-0.425,-1.500,1.854,0,0,0
485.232,-0.425,-1.500,1.856,0,0,0
485.283,-0.425,-1.500,1.856,1,0,0
485.334,-0.425,-1.500,1.853,0,0,0
485.385,-0.425,-1.500,1.864,0,0,0
485.436,-0.425,-1.500,1.856,0,0,0
485.487,-0.428,-1.575,1.862,0,0,0
485.538,-0.428,-1.575,1.862,0,0,0
485.589,-0.428,-1.575,1.853,0,0,0
485.640,-0.428,-1.575,1.857,0,1,0
485.691,-0.428,-1.575,1.857,0,0,0
485.742,-0.429,-1.629,1.857,0,0,0
485.793,-0.429,-1.629,1.857,0,0,0
485.844,-0.429,-1.629,1.849,0,0,0
485.895,-0.429,-1.629,1.858,0,0,0
485.946,-0.429,-1.629,1.860,0,0,0
485.997,-0.429,-1.629,1.860,0,0,0
486.048,-0.429,-1.629,1.862,0,0,0
486.099,-0.429,-1.629,1.856,0,0,0
486.150,-0.429,-1.629,1.866,0,0,0
486.201,-0.429,-1.629,1.863,0,0,-1
486.252,-0.429,-1.629,1.863,0,0,0
486.303,-0.429,-1.629,1.858,0,0,0
486.354,-0.429,-1.658,1.865,0,0,0
486.405,-0.429,-1.658,1.862,0,0,0
486.456,-0.429,-1.658,1.862,0,0,0
486.507,-0.429,-1.658,1.869,0,0,0
486.558,-0.429,-1.658,1.864,0,0,0
486.609,-0.429,-1.658,1.853,-1,0,0
486.660,-0.429,-1.658,1.851,0,0,0
486.711,-0.429,-1.658,1.851,0,0,0
486.762,-0.429,-1.658,1.853,0,0,0
486.813,-0.429,-1.658,1.858,0,0,0
486.864,-0.429,-1.658,1.861,0,0,0
486.915,-0.429,-1.658,1.861,0,0,0
486.966,-0.429,-1.658,1.866,0,0,0
487.017,-0.429,-1.658,1.863,0,0,0
487.068,-0.429,-1.658,1.859,0,0,0
487.119,-0.429,-1.658,1.862,0,0,0
487.170,-0.429,-1.658,1.862,0,0,0
487.221,-0.429,-1.658,1.866,0,0,0
487.272,-0.429,-1.658,1.857,0,0,0
487.323,-0.429,-1.658,1.854,0,0,0
487.374,-0.429,-1.658,1.861,0,0,0
487.425,-0.429,-1.658,1.861,0,0,0
487.476,-0.429,-1.658,1.860,0,0,0
487.527,-0.429,-1.658,1.875,0,0,0
487.578,-0.429,-1.658,1.865,0,0,0
487.629,-0.429,-1.658,1.865,0,0,0
487.680,-0.429,-1.658,1.859,0,0,0
487.731,-0.429,-1.658,1.864,0,0,0
487.782,-0.429,-1.658,1.854,0,0,0
487.833,-0.429,-1.658,1.862,0,0,0
487.884,-0.429,-1.658,1.862,0,0,0
487.935,-0.429,-1.658,1.867,0,0,0
487.986,-0.429,-1.658,1.859,0,0,0
488.037,2.158,2.099,1.868,0,0,0
488.088,2.158,2.099,1.868,0,0,0
488.139,2.158,2.099,1.857,0,0,0
488.190,2.158,2.099,1.854,0,0,0
488.241,2.158,2.099,1.869,0,0,0
488.292,2.158,2.099,1.859,0,0,0
488.343,2.158,2.099,1.859,0,0,0
488.394,2.158,2.099,1.855,0,0,0
488.445,2.158,2.099,1.870,0,0,0
488.496,2.158,2.099,1.868,0,0,0
488.547,2.158,2.099,1.868,0,0,0
488.598,2.158,2.099,1.859,0,0,0
488.649,1.291,0.843,1.881,0,0,0
488.700,1.291,0.843,1.859,0,0,0
488.751,1.291,0.843,1.858,0,0,0
488.802,1.291,0.843,1.858,0,0,0
488.853,1.291,0.843,1.861,0,0,0
488.904,1.291,0.843,1.850,0,0,0
488.955,1.291,0.843,1.859,0,0,0
489.006,1.291,0.843,1.863,0,0,0
489.057,1.291,0.843,1.863,0,0,0
489.108,1.291,0.843,1.861,0,0,0
489.159,1.291,0.843,1.861,0,0,0
489.210,1.291,0.843,1.852,0,0,0
489.261,1.291,0.843,1.852,0,0,0
489.312,1.291,0.843,1.859,0,0,0
489.363,1.291,0.843,1.854,0,0,0
489.414,1.291,0.843,1.859,0,0,0
489.465,1.291,0.843,1.863,0,0,0
489.516,-0.445,-1.668,1.863,0,0,0
489.567,-0.445,-1.668,1.861,0,0,0
489.618,-0.445,-1.668,1.849,0,0,0
489.669,-0.445,-1.668,1.875,0,0,0
489.720,-0.445,-1.668,1.875,0,0,0
489.771,-0.445,-1.668,1.866,0,0,0
489.822,-0.445,-1.668,1.857,0,0,0
489.873,-0.445,-1.668,1.858,-10,7,6
489.924,-0.445,-1.668,1.831,-14,9,10
489.975,-0.445,-1.668,1.831,-14,9,9
490.026,-0.445,-1.668,1.812,-15,9,9
490.077,0.421,-0.414,1.805,-16,9,10
490.128,0.421,-0.414,1.798,-16,9,9
490.179,0.421,-0.414,1.798,-15,9,9
490.230,0.421,-0.414,1.770,-16,10,9
490.334,0.421,-0.414,1.779,-16,4,11
490.386,0.421,-0.414,1.784,-16,-6,13
490.437,0.421,-0.414,1.784,-16,-9,14
490.488,0.421,-0.414,1.799,-16,-8,15
490.539,0.421,-0.414,1.823,-16,-9,15
490.590,0.421,-0.414,1.846,-16,-8,15
490.641,1.297,0.798,1.859,-16,-8,16
490.692,1.297,0.798,1.859,-16,-8,15
490.743,1.297,0.798,1.872,-16,-7,15
490.794,1.297,0.798,1.899,-16,-7,16
490.845,1.297,0.798,1.913,-16,-6,16
490.896,1.297,0.798,1.913,-16,-7,15
490.947,1.297,0.798,1.918,-16,-7,16
490.998,1.297,0.798,1.948,-16,-6,16
491.051,1.297,0.798,1.980,-16,-7,15
491.102,1.297,0.798,1.983,-16,-6,16
491.153,1.297,0.798,1.983,-16,-7,16
491.204,1.334,0.734,1.992,-16,-6,15
491.255,1.334,0.734,2.010,-16,-6,16
491.306,1.334,0.734,2.024,-16,-8,16
491.357,1.334,0.734,2.042,-15,-6,15
491.408,1.334,0.734,2.042,-16,-6,16
491.459,1.334,0.734,2.056,-16,-6,16
491.510,1.334,0.734,2.085,-16,-6,16
491.612,1.334,0.734,2.104,-16,-7,16
491.663,1.334,0.734,2.115,-15,-6,16
491.714,1.334,0.734,2.126,-16,-6,16
491.765,1.334,0.734,2.158,-16,-6,16
491.816,0.545,-0.610,2.161,-16,-6,16
491.867,0.545,-0.610,2.161,-16,-6,16
491.918,0.545,-0.610,2.188,-16,-6,16
491.969,0.545,-0.610,2.202,-15,-6,16
492.020,0.545,-0.610,2.221,-16,-6,16
492.071,0.545,-0.610,2.221,-16,-6,16
492.122,0.545,-0.610,2.233,-16,-6,16
492.224,0.545,-0.610,2.282,-16,-6,16
492.275,0.545,-0.610,2.296,-16,-7,16
492.326,0.545,-0.610,2.296,-16,-6,16
492.377,-0.108,-2.031,2.327,-16,-6,16
492.428,-0.108,-2.031,2.341,-15,-6,16
492.479,-0.108,-2.031,2.356,-16,-6,16
492.530,-0.108,-2.031,2.379,-16,-6,16
492.581,-0.108,-2.031,2.379,-16,-7,16
492.632,-0.108,-2.031,2.405,-16,-6,16
492.683,0.000,-2.082,2.419,-16,-6,16
492.734,0.000,-2.082,2.434,-16,-6,17
492.785,0.000,-2.082,2.434,-16,-6,16
492.836,0.000,-2.082,2.459,-16,-6,16
492.887,0.000,-2.082,2.480,-15,-6,16
492.938,0.000,-2.082,2.500,-16,-6,16
492.989,0.000,-2.082,2.511,-16,-6,16
493.040,0.000,-2.082,2.511,-16,-6,17
493.091,0.000,-2.082,2.521,-16,-6,16
493.142,0.000,-2.082,2.548,-16,-6,16
493.193,0.000,-2.082,2.584,-16,-6,16
493.244,0.000,-2.082,2.584,-16,-7,16
493.295,0.000,-2.082,2.600,-16,-6,16
493.346,0.000,-2.082,2.615,-16,-6,17
493.397,0.000,-2.082,2.644,-15,-6,16
493.448,0.000,-2.082,2.663,-16,-6,16
493.499,0.135,-2.117,2.663,-16,-6,16
493.550,0.135,-2.117,2.702,-16,-6,16
493.601,0.135,-2.117,2.725,-16,-6,16
493.652,0.135,-2.117,2.750,-16,-6,17
493.703,0.135,-2.117,2.750,-16,-6,16
493.754,0.135,-2.117,2.758,-16,-6,16
493.805,0.271,-2.140,2.778,-16,-6,16
493.856,0.271,-2.140,2.807,-16,-6,17
493.907,0.271,-2.140,2.845,-15,-6,16
493.958,0.271,-2.140,2.845,-17,-6,16
494.009,0.271,-2.140,2.861,-16,-5,16
494.060,0.271,-2.140,2.893,-16,-6,17
494.111,0.408,-2.152,2.914,-16,-7,16
494.162,0.408,-2.152,2.923,-16,-5,16
494.213,0.408,-2.152,2.928,-16,-7,16
494.264,0.408,-2.152,2.962,-16,-6,16
494.315,0.408,-2.152,2.999,-16,-6,17
494.366,0.549,-2.153,3.009,-16,-6,16
494.417,0.549,-2.153,3.009,-16,-6,16
494.468,0.549,-2.153,3.033,-16,-6,17
494.519,0.549,-2.153,3.051,-17,-6,16
494.570,0.549,-2.153,3.080,-16,-6,16
494.621,0.549,-2.153,3.110,-16,-6,16
494.672,0.639,-2.137,3.110,-16,-5,17
494.774,0.639,-2.137,3.166,-16,-6,16
494.825,0.639,-2.137,3.169,-16,-6,17
494.876,0.639,-2.137,3.169,-16,-6,16
494.927,0.639,-2.137,3.209,-16,-7,16
495.029,0.728,-2.114,3.256,-16,-6,16
495.080,0.728,-2.114,3.272,-16,-5,16
495.131,0.728,-2.114,3.272,-17,-6,17
495.182,0.728,-2.114,3.300,-16,-6,16
495.233,0.815,-2.083,3.328,-16,-7,16
495.284,0.815,-2.083,3.350,-16,-6,16
495.335,0.815,-2.083,3.350,-16,-6,17
495.386,0.815,-2.083,3.355,-16,-5,16
495.437,0.815,-2.083,3.394,-16,-6,17
495.488,0.815,-2.083,3.395,-16,-7,16
495.590,0.815,-2.083,3.435,-16,-7,16
495.641,0.815,-2.083,3.468,-16,-6,17
495.692,0.815,-2.083,3.478,-16,-5,16
495.743,0.815,-2.083,3.497,-5,1,4
495.794,0.815,-2.083,3.497,2,1,4
495.845,0.815,-2.083,3.444,-3,1,5
495.896,0.815,-2.083,3.450,-2,-1,0
495.947,0.815,-2.083,3.442,0,1,-1
495.998,0.815,-2.083,3.450,1,0,1
496.049,0.815,-2.083,3.450,0,0,1
496.100,0.925,-2.016,3.432,-1,0,0
496.151,0.925,-2.016,3.437,-1,0,0
496.202,0.925,-2.016,3.441,0,0,-1
496.253,0.925,-2.016,3.467,0,0,0
496.304,0.925,-2.016,3.467,0,0,0
496.355,0.925,-2.016,3.439,0,0,0
496.406,1.010,-1.954,3.444,0,0,1
496.457,1.010,-1.954,3.440,0,0,0
496.508,1.010,-1.954,3.440,0,0,0
496.559,1.010,-1.954,3.449,0,0,0
496.610,1.010,-1.954,3.429,1,0,0
496.661,1.010,-1.954,3.444,0,-1,0
496.712,1.010,-1.954,3.447,0,0,0
496.763,1.010,-1.954,3.447,0,0,0
496.814,1.010,-1.954,3.457,0,0,0
496.865,1.010,-1.954,3.436,0,0,0
496.916,1.010,-1.954,3.417,0,0,0
496.967,1.076,-1.902,3.417,0,0,0
497.018,1.076,-1.902,3.424,0,0,0
497.069,1.076,-1.902,3.457,0,0,0
497.120,1.076,-1.902,3.440,0,0,0
497.171,1.076,-1.902,3.444,0,0,0
497.222,1.076,-1.902,3.444,0,0,0
497.273,1.076,-1.902,3.447,0,0,0
497.324,1.076,-1.902,3.429,0,0,0
497.375,1.076,-1.902,3.435,0,0,0
497.426,1.076,-1.902,3.435,0,0,0
497.477,1.076,-1.902,3.435,0,0,0
497.528,1.117,-1.859,3.434,0,0,0
497.579,1.117,-1.859,3.440,0,0,0
497.630,1.117,-1.859,3.439,0,0,0
497.681,1.117,-1.859,3.439,0,0,0
497.732,1.117,-1.859,3.449,0,0,0
497.783,1.117,-1.859,3.442,0,0,0
497.834,1.113,-1.858,3.435,0,0,0
497.885,1.113,-1.858,3.427,0,0,0
497.936,1.113,-1.858,3.427,0,0,0
497.987,1.113,-1.858,3.432,0,0,0
498.038,1.113,-1.858,3.447,0,0,0
498.089,1.113,-1.858,3.444,0,0,0
498.140,1.113,-1.858,3.444,0,0,0
498.191,1.113,-1.858,3.457,0,0,0
498.242,1.113,-1.858,3.439,0,0,0
498.293,1.113,-1.858,3.437,0,0,0
498.344,1.113,-1.858,3.450,0,0,0
498.395,1.117,-1.858,3.450,0,0,0
498.446,1.117,-1.858,3.440,0,0,0
498.497,1.117,-1.858,3.445,0,0,0
498.548,1.117,-1.858,3.434,-1,0,0
498.599,1.117,-1.858,3.434,0,0,0
498.650,1.117,-1.858,3.437,0,0,0
498.701,1.117,-1.858,3.446,0,0,0
498.752,1.117,-1.858,3.449,0,0,0
498.803,1.117,-1.858,3.440,0,0,0
498.854,1.117,-1.858,3.440,0,0,0
498.905,1.117,-1.858,3.435,0,0,0
498.956,1.117,-1.858,3.434,0,0,0
499.007,1.119,-1.858,3.426,0,0,0
499.058,1.119,-1.858,3.426,0,0,0
499.109,1.119,-1.858,3.442,0,0,-1
499.160,1.119,-1.858,3.439,0,0,0
499.211,1.119,-1.858,3.449,0,0,0
499.262,1.123,-1.859,3.447,0,0,0
499.313,1.123,-1.859,3.447,0,0,0
499.364,1.123,-1.859,3.452,0,0,0
499.415,1.123,-1.859,3.436,0,0,0
499.466,1.123,-1.859,3.432,0,0,0
499.517,1.123,-1.859,3.450,0,0,0
499.568,1.125,-1.859,3.450,0,0,0
499.619,1.125,-1.859,3.457,0,0,0
499.670,1.125,-1.859,3.454,0,0,0
499.721,1.125,-1.859,3.439,0,0,0
499.772,1.125,-1.859,3.439,0,0,0
499.823,1.125,-1.859,3.445,0,0,0
499.874,1.131,-1.848,3.430,0,0,0
499.925,1.131,-1.848,3.435,0,0,0
499.976,1.131,-1.848,3.439,0,0,0
500.027,1.131,-1.848,3.439,0,0,0
500.078,1.131,-1.848,3.449,0,0,0
500.129,1.132,-1.850,3.445,0,0,0
500.180,1.132,-1.850,3.441,0,0,0
500.231,1.132,-1.850,3.441,0,0,0
500.282,1.132,-1.850,3.431,-10,4,8
500.333,1.132,-1.850,3.417,-14,-6,13
500.384,1.132,-1.850,3.417,-15,-8,13
500.435,1.132,-1.850,3.469,-15,-8,15
500.487,1.132,-1.850,3.469,-2,-11,15
500.538,1.132,-1.850,3.487,0,-13,15
500.589,1.132,-1.850,3.492,-4,-14,15
500.640,1.132,-1.850,3.492,-1,-14,14
500.691,1.132,-1.850,3.489,0,-14,15
500.742,1.142,-1.848,3.484,0,-14,14
500.793,1.142,-1.848,3.480,2,-15,15
500.844,1.142,-1.848,3.465,-1,-14,14
500.895,1.142,-1.848,3.467,0,-14,14
500.946,1.142,-1.848,3.467,1,-14,15
500.997,1.169,-1.826,3.447,0,-15,14
501.048,1.169,-1.826,3.452,0,-14,15
501.099,1.169,-1.826,3.460,0,-14,14
501.150,1.169,-1.826,3.463,0,-15,14
501.201,1.169,-1.826,3.463,0,-14,15
501.252,1.169,-1.826,3.438,0,-14,14
501.303,1.169,-1.826,3.433,0,-14,14
501.354,1.169,-1.826,3.435,0,-14,15
501.405,1.169,-1.826,3.435,0,0,-1
501.456,1.169,-1.826,3.429,-1,-1,1
501.507,1.169,-1.826,3.438,0,-1,0
501.558,1.169,-1.826,3.435,0,4,0
501.609,1.169,-1.826,3.422,0,1,1
501.660,1.169,-1.826,3.422,0,-2,0
501.711,1.169,-1.826,3.440,0,0,-1
501.762,1.169,-1.826,3.420,0,1,0
501.813,1.169,-1.826,3.429,0,1,0
501.864,1.192,-1.758,3.429,0,0,0
501.915,1.192,-1.758,3.446,0,-1,0
501.966,1.192,-1.758,3.415,0,0,0
502.017,1.192,-1.758,3.415,0,0,0
502.068,1.192,-1.758,3.433,0,0,0
502.119,1.192,-1.758,3.433,0,0,0
502.170,1.220,-1.678,3.412,0,0,0
502.221,1.220,-1.678,3.417,0,0,0
502.272,1.220,-1.678,3.417,0,0,0
502.323,1.220,-1.678,3.433,0,0,0
502.374,1.220,-1.678,3.433,0,1,0
502.425,1.240,-1.602,3.427,0,0,0
502.476,1.240,-1.602,3.416,0,0,0
502.527,1.240,-1.602,3.433,0,0,0
502.578,1.240,-1.602,3.433,0,0,0
502.629,1.240,-1.602,3.429,0,0,0
502.680,1.240,-1.602,3.425,0,0,0
502.731,1.243,-1.547,3.424,0,0,1
502.782,1.243,-1.547,3.413,0,0,0
502.833,1.243,-1.547,3.413,0,0,0
502.884,1.243,-1.547,3.435,0,0,0
502.935,1.243,-1.547,3.418,0,0,0
502.986,1.243,-1.547,3.436,0,0,0
503.037,1.246,-1.546,3.436,0,0,0
503.088,1.246,-1.546,3.424,0,0,0
503.139,1.246,-1.546,3.418,0,0,0
503.190,1.246,-1.546,3.417,0,0,0
503.241,1.246,-1.546,3.414,0,0,0
503.292,1.246,-1.547,3.414,0,0,0
503.343,1.246,-1.547,3.434,0,0,0
503.394,1.246,-1.547,3.418,0,0,0
503.445,1.246,-1.547,3.435,0,0,0
503.496,1.246,-1.547,3.435,0,0,0
503.547,1.246,-1.547,3.422,0,0,0
503.598,1.246,-1.548,3.415,0,0,0
503.649,1.246,-1.548,3.433,0,0,0
503.700,1.246,-1.548,3.413,0,0,0
503.751,1.246,-1.548,3.413,0,0,0
503.802,1.246,-1.548,3.415,0,0,0
503.853,1.246,-1.548,3.418,0,0,0
503.904,1.247,-1.548,3.431,0,0,0
503.955,1.247,-1.548,3.417,0,0,0
504.057,1.247,-1.548,3.429,0,0,0
504.108,1.247,-1.548,3.433,0,0,0
504.159,1.244,-1.549,3.444,0,0,0
504.210,1.244,-1.549,3.444,0,0,0
504.261,1.244,-1.549,3.409,0,0,0
504.312,1.244,-1.549,3.429,0,0,0
504.363,1.244,-1.549,3.417,0,0,0
504.414,1.244,-1.549,3.416,0,-10,9
504.465,1.244,-1.549,3.416,0,-13,14
504.516,1.244,-1.549,3.391,0,-14,14
504.567,1.244,-1.549,3.382,0,-13,14
504.618,1.244,-1.549,3.379,0,-14,15
504.669,1.244,-1.549,3.379,0,-15,14
504.720,1.247,-1.547,3.356,0,-14,15
504.771,1.247,-1.547,3.374,0,-15,15
504.822,1.247,-1.547,3.383,0,-14,15
504.873,1.247,-1.547,3.342,0,-15,15
504.924,1.247,-1.547,3.342,0,-14,15
504.975,1.247,-1.547,3.354,0,-15,15
505.026,1.250,-1.526,3.349,0,-14,14
505.077,1.250,-1.526,3.344,0,-15,15
505.128,1.250,-1.526,3.344,0,-14,15
505.179,1.250,-1.526,3.352,0,-15,15
505.230,1.250,-1.526,3.343,1,-14,14
505.281,1.250,-1.526,3.328,0,-15,15
505.332,1.256,-1.484,3.343,0,-14,14
505.383,1.256,-1.484,3.343,0,-14,15
505.434,1.256,-1.484,3.323,0,-15,14
505.485,1.256,-1.484,3.313,0,-14,15
505.536,1.256,-1.484,3.322,0,-14,14
505.587,1.263,-1.421,3.318,0,-15,15
505.638,1.263,-1.421,3.318,0,-14,14
505.689,1.263,-1.421,3.305,0,-14,14
505.740,1.263,-1.421,3.294,0,-14,15
505.791,1.263,-1.421,3.312,0,-15,14
505.842,1.263,-1.421,3.312,0,-14,14
505.893,1.269,-1.337,3.297,0,-14,15
505.944,1.269,-1.337,3.325,0,-15,14
505.995,1.269,-1.337,3.299,0,-14,14
506.046,1.269,-1.337,3.315,0,-14,14
506.097,1.269,-1.337,3.315,0,-14,14
506.148,1.269,-1.337,3.296,0,-14,15
506.199,1.269,-1.337,3.291,0,-14,14
506.250,1.269,-1.337,3.282,0,-15,14
506.301,1.269,-1.337,3.282,0,-14,14
506.352,1.269,-1.337,3.290,0,-14,14
506.403,1.269,-1.337,3.297,0,-14,14
506.454,1.278,-1.228,3.308,0,-15,14
506.505,1.278,-1.228,3.303,0,-14,14
506.556,1.278,-1.228,3.303,0,-14,15
506.607,1.278,-1.228,3.282,0,-14,14
506.658,1.278,-1.228,3.295,0,-14,14
506.760,1.287,-1.117,3.302,2,-14,13
506.864,1.287,-1.117,3.262,13,-15,9
506.915,1.287,-1.117,3.269,14,-15,7
506.966,1.287,-1.117,3.238,14,-15,7
507.017,1.287,-1.117,3.238,15,-15,7
507.119,1.296,-1.006,3.204,14,-15,7
507.170,1.296,-1.006,3.170,3,-15,10
507.221,1.296,-1.006,3.183,0,-15,13
507.272,1.296,-1.006,3.183,0,-15,13
507.323,1.293,-0.895,3.183,-1,-15,14
507.374,1.293,-0.895,3.202,0,-15,14
507.425,1.293,-0.895,3.202,0,-14,15
507.476,1.293,-0.895,3.202,0,-15,14
507.527,1.293,-0.895,3.206,1,-14,14
507.578,1.293,-0.895,3.199,0,-15,14
507.629,1.293,-0.895,3.220,0,-15,14
507.680,1.293,-0.895,3.213,0,-14,15
507.731,1.293,-0.895,3.213,0,-14,14
507.782,1.293,-0.895,3.213,0,-15,14
507.833,1.293,-0.895,3.203,0,-14,14
507.884,1.293,-0.895,3.216,0,-15,14
507.935,1.287,-0.787,3.216,0,-14,15
507.986,1.287,-0.787,3.223,0,-14,14
508.037,1.287,-0.787,3.230,0,-15,14
508.088,1.287,-0.787,3.227,0,-14,14
508.139,1.287,-0.787,3.223,0,-15,14
508.190,1.283,-0.681,3.223,0,-14,15
508.292,1.283,-0.681,3.226,0,-14,13
508.343,1.283,-0.681,3.243,0,-15,15
508.394,1.283,-0.681,3.223,0,-14,14
508.445,1.283,-0.681,3.223,0,-14,14
508.496,1.282,-0.575,3.252,0,-14,14
508.547,1.282,-0.575,3.239,0,-14,14
508.598,1.282,-0.575,3.246,0,-15,14
508.649,1.282,-0.575,3.246,-1,-14,14
508.700,1.282,-0.575,3.252,0,-14,14
508.751,1.294,-0.469,3.245,0,-14,14
508.802,1.294,-0.469,3.242,0,-14,15
508.853,1.294,-0.469,3.265,0,-15,14
508.904,1.294,-0.469,3.265,0,-14,14
508.955,1.294,-0.469,3.259,0,-14,14
509.006,1.294,-0.469,3.262,0,-15,14
509.057,1.310,-0.383,3.265,0,-14,14
509.108,1.310,-0.383,3.265,0,-14,14
509.159,1.310,-0.383,3.279,0,-14,14
509.210,1.310,-0.383,3.275,0,-15,14
509.261,1.310,-0.383,3.279,0,-13,14
509.312,1.310,-0.383,3.289,0,-15,14
509.363,1.310,-0.383,3.289,0,-14,15
509.414,1.310,-0.383,3.282,0,-14,14
509.465,1.310,-0.383,3.295,0,-14,14
509.516,1.310,-0.383,3.303,0,-14,14
509.567,1.310,-0.383,3.303,0,-14,14
509.618,1.331,-0.276,3.316,0,-14,14
509.669,1.331,-0.276,3.300,0,-14,14
509.720,1.331,-0.276,3.322,0,-15,14
509.771,1.331,-0.276,3.322,0,-14,14
509.822,1.331,-0.276,3.322,0,-14,14
509.873,1.331,-0.276,3.332,0,-14,14
509.924,1.350,-0.170,3.340,0,-14,14
509.975,1.350,-0.170,3.349,0,-14,15
510.026,1.350,-0.170,3.347,0,-14,13
510.077,1.350,-0.170,3.347,0,-14,14
510.128,1.350,-0.170,3.356,0,-14,14
510.179,1.350,-0.170,3.366,0,-14,14
510.230,1.367,-0.064,3.370,0,-14,14
510.281,1.367,-0.064,3.370,0,-14,14
510.332,1.367,-0.064,3.377,0,-15,14
510.383,1.367,-0.064,3.381,0,-13,14
510.434,1.367,-0.064,3.405,0,-15,14
510.485,1.384,0.043,3.401,0,-14,15
510.536,1.384,0.043,3.401,0,-14,14
510.587,1.384,0.043,3.403,0,-14,14
510.638,1.384,0.043,3.403,0,-14,14
510.689,1.384,0.043,3.389,0,-14,14
510.740,1.384,0.043,3.389,0,-14,14
510.791,1.395,0.131,3.419,0,-15,14
510.842,1.395,0.131,3.417,0,-13,14
510.893,1.395,0.131,3.419,0,-15,14
510.944,1.395,0.131,3.432,0,-14,14
510.995,1.395,0.131,3.432,0,-14,14
511.046,1.395,0.131,3.411,0,-14,14
511.097,1.405,0.217,3.423,0,-14,14
511.148,1.405,0.217,3.409,0,-14,14
511.199,1.405,0.217,3.409,0,-14,15
511.250,1.405,0.217,3.418,0,-14,14
511.301,1.405,0.217,3.393,0,-14,14
511.352,1.417,0.302,3.384,0,-15,14
511.403,1.417,0.302,3.359,0,-13,14
511.454,1.417,0.302,3.359,0,-15,14
511.505,1.417,0.302,3.375,0,-14,14
511.556,1.417,0.302,3.333,0,-13,14
511.607,1.417,0.302,3.360,0,-15,14
511.658,1.433,0.386,3.352,0,-14,15
511.709,1.433,0.386,3.352,0,-14,14
511.760,1.433,0.386,3.335,0,-13,14
511.811,1.433,0.386,3.338,0,-14,13
511.862,1.433,0.386,3.321,0,-14,14
511.913,1.433,0.386,3.321,0,-14,14
511.964,1.450,0.469,3.335,0,-14,14
512.015,1.450,0.469,3.329,0,-14,14
512.066,1.450,0.469,3.305,0,-15,14
512.168,1.450,0.469,3.315,0,-14,14
512.219,1.466,0.555,3.312,0,-14,15
512.270,1.466,0.555,3.312,0,-14,14
512.321,1.466,0.555,3.318,0,-14,13
512.372,1.466,0.555,3.318,0,-14,15
512.423,1.466,0.555,3.326,0,-14,13
512.474,1.466,0.555,3.335,0,-14,14
512.525,1.481,0.641,3.319,0,-14,15
512.576,1.481,0.641,3.341,0,-14,14
512.627,1.481,0.641,3.341,0,-14,14
512.678,1.481,0.641,3.339,0,-14,14
512.729,1.481,0.641,3.337,0,-14,14
512.780,1.491,0.727,3.341,0,-14,14
512.831,1.491,0.727,3.341,0,-14,14
512.882,1.491,0.727,3.343,0,-15,14
512.933,1.491,0.727,3.346,0,-14,14
512.984,1.491,0.727,3.356,0,-14,14
513.035,1.491,0.727,3.356,0,-14,14
513.086,1.501,0.813,3.356,0,-14,14
513.137,1.501,0.813,3.340,0,-14,14
513.188,1.501,0.813,3.347,0,-14,14
513.239,1.501,0.813,3.355,0,-14,15
513.290,1.501,0.813,3.364,0,-14,14
513.341,1.501,0.813,3.364,0,-14,14
513.392,1.512,0.899,3.363,0,-14,14
513.443,1.512,0.899,3.366,0,-14,14
513.494,1.512,0.899,3.360,0,-14,14
513.545,1.512,0.899,3.360,0,-14,14
513.596,1.512,0.899,3.367,0,-14,14
513.647,1.522,0.984,3.358,0,-14,14
513.698,1.522,0.984,3.337,0,-14,14
513.749,1.522,0.984,3.346,0,-14,14
513.800,1.522,0.984,3.346,0,-14,14
513.851,1.522,0.984,3.344,0,-14,14
513.902,1.522,0.984,3.344,0,-15,14
513.953,1.532,1.070,3.334,0,-14,14
514.004,1.532,1.070,3.334,0,-14,14
514.055,1.532,1.070,3.334,0,-14,14
514.106,1.532,1.070,3.333,0,-14,14
514.157,1.532,1.070,3.315,0,-14,15
514.208,1.532,1.070,3.314,0,-14,14
514.259,1.543,1.155,3.314,0,-15,14
514.310,1.543,1.155,3.299,0,-14,14
514.361,1.543,1.155,3.287,0,-14,14
514.412,1.543,1.155,3.279,0,-14,14
514.463,1.543,1.155,3.279,0,-14,14
514.514,1.547,1.240,3.270,0,-14,15
514.565,1.547,1.240,3.246,0,-14,14
514.616,1.547,1.240,3.228,0,-14,14
514.667,1.547,1.240,3.225,0,-14,14
514.718,1.547,1.240,3.225,0,-14,14
514.769,1.547,1.240,3.201,0,-14,14
514.820,1.550,1.326,3.182,0,-14,14
514.871,1.550,1.326,3.184,0,-14,14
514.922,1.550,1.326,3.167,0,-14,14
514.973,1.550,1.326,3.167,0,-14,15
515.024,1.550,1.326,3.135,0,-14,14
515.075,1.550,1.326,3.153,0,-15,14
515.126,1.550,1.326,3.127,0,-14,14
515.177,1.550,1.326,3.127,0,-14,14
515.228,1.550,1.326,3.101,-10,-7,14
515.279,1.550,1.326,3.121,-15,-4,15
515.330,1.550,1.326,3.088,-14,-7,15
515.381,1.557,1.435,3.091,-15,-7,15
515.432,1.557,1.435,3.091,-16,-6,15
515.483,1.557,1.435,3.115,-15,-7,16
515.534,1.557,1.435,3.101,-16,-5,15
515.585,1.557,1.435,3.125,-16,-6,16
515.636,1.557,1.435,3.125,-1,-11,15
515.687,1.566,1.539,3.129,10,-13,13
515.739,1.566,1.539,3.150,12,-14,9
515.790,1.566,1.539,3.149,14,-15,6
515.841,1.566,1.539,3.162,15,-14,6
515.892,1.566,1.539,3.162,15,-15,7
515.943,1.566,1.539,3.135,15,-15,6
515.994,1.593,1.637,3.129,15,-15,5
516.045,1.593,1.637,3.121,15,-16,6
516.096,1.593,1.637,3.104,16,-15,6
516.147,1.593,1.637,3.124,15,-15,6
516.198,1.593,1.637,3.111,16,-15,6
516.249,1.611,1.727,3.109,16,-16,6
516.300,1.611,1.727,3.103,15,-15,6
516.351,1.611,1.727,3.103,16,-15,6
516.402,1.611,1.727,3.083,16,-16,6
516.453,1.611,1.727,3.091,15,-15,6
516.504,1.611,1.727,3.080,16,-16,6
516.555,1.609,1.789,3.066,16,-16,6
516.608,1.609,1.789,3.066,2,-3,0
516.659,1.609,1.789,3.096,1,-1,-3
516.710,1.609,1.789,3.123,4,-2,-1
516.761,1.609,1.789,3.116,0,-1,1
516.812,1.590,1.860,3.116,-1,0,0
516.863,1.590,1.860,3.112,0,0,0
516.914,1.590,1.860,3.121,1,0,-1
516.965,1.590,1.860,3.105,0,0,0
517.016,1.590,1.860,3.110,0,1,0
517.067,1.590,1.860,3.110,0,0,0
517.118,1.546,1.926,3.132,0,0,0
517.169,1.546,1.926,3.110,0,0,0
517.220,1.546,1.926,3.122,0,0,0
517.271,1.546,1.926,3.107,0,0,0
517.322,1.546,1.926,3.119,0,0,0
517.373,1.546,1.926,3.122,0,0,0
517.424,1.512,1.978,3.114,0,0,0
517.475,1.512,1.978,3.126,0,0,0
517.526,1.512,1.978,3.126,0,0,0
517.577,1.512,1.978,3.120,0,0,0
517.628,1.512,1.978,3.104,0,0,0
517.679,1.491,2.015,3.111,-1,0,0
517.730,1.491,2.015,3.125,0,0,0
517.781,1.491,2.015,3.125,0,0,0
517.832,1.491,2.015,3.111,0,0,1
517.883,1.491,2.015,3.121,0,0,0
517.934,1.491,2.015,3.101,0,0,0
517.985,1.483,2.024,3.101,0,0,0
518.036,1.483,2.024,3.122,0,0,0
518.087,1.483,2.024,3.114,0,0,0
518.138,1.483,2.024,3.119,0,0,0
518.189,1.483,2.024,3.127,0,0,0
518.240,1.483,2.024,3.127,0,0,0
518.291,1.483,2.024,3.101,0,0,0
518.342,1.483,2.024,3.113,0,-1,0
518.393,1.483,2.024,3.117,0,0,0
518.444,1.483,2.024,3.117,0,0,0
518.495,1.483,2.024,3.119,0,0,0
518.546,1.483,2.023,3.122,0,0,0
518.597,1.483,2.023,3.106,0,0,0
518.648,1.483,2.023,3.113,0,0,0
518.699,1.483,2.023,3.113,0,0,0
518.750,1.483,2.023,3.119,0,0,0
518.801,1.483,2.023,3.124,0,0,0
518.852,1.483,2.023,3.103,0,0,0
518.903,1.483,2.023,3.103,0,0,0
518.954,1.483,2.023,3.103,0,0,0
519.005,1.483,2.023,3.111,0,0,0
519.056,1.483,2.023,3.135,0,0,0
519.107,1.483,2.023,3.113,0,0,0
519.158,1.483,2.023,3.113,0,0,0
519.209,1.483,2.023,3.128,0,0,0
519.260,1.483,2.023,3.107,0,0,0
519.311,1.483,2.023,3.113,0,0,0
519.362,1.483,2.023,3.105,0,0,0
519.413,1.483,2.023,3.105,0,0,0
519.464,1.483,2.023,3.100,0,0,0
519.515,1.483,2.023,3.113,0,0,0
519.566,1.483,2.023,3.123,0,0,0
519.617,1.483,2.023,3.123,0,0,0
519.668,1.483,2.023,3.112,0,0,0
519.719,1.483,2.023,3.120,0,0,0
519.770,1.483,2.023,3.117,0,0,0
519.821,1.483,2.023,3.117,0,0,0
519.872,1.483,2.023,3.117,0,0,0
519.923,1.483,2.023,3.101,0,0,0
519.974,1.483,2.023,3.129,0,0,0
520.025,1.483,2.023,3.110,0,0,0
520.076,1.483,2.023,3.110,0,0,0
520.127,1.483,2.023,3.113,0,0,0
520.178,1.483,2.023,3.118,0,0,0
520.229,1.483,2.023,3.111,0,0,0
520.280,1.483,2.022,3.118,0,0,0
520.331,1.483,2.022,3.118,0,0,0
520.382,1.483,2.022,3.111,0,0,0
520.433,1.483,2.022,3.108,0,0,0
520.484,1.483,2.022,3.105,0,0,0
520.535,1.483,2.022,3.095,0,0,0
520.586,1.482,2.022,3.094,0,0,0
520.637,1.482,2.022,3.100,0,0,0
520.688,1.482,2.022,3.117,0,0,0
520.739,1.482,2.022,3.118,0,0,0
520.790,1.482,2.022,3.118,0,0,0
520.841,1.482,2.022,3.109,0,0,0
520.892,1.482,2.022,3.127,0,0,0
520.943,1.482,2.022,3.118,0,0,0
520.994,1.482,2.022,3.109,0,0,0
521.045,1.482,2.022,3.109,0,0,0
521.096,1.482,2.022,3.125,0,0,0
521.147,1.482,2.023,3.116,0,0,0
521.198,1.482,2.023,3.111,0,0,0
521.249,1.482,2.023,3.111,0,0,0
521.300,1.482,2.023,3.111,0,0,0
521.351,1.482,2.023,3.111,0,0,0
521.402,1.482,2.023,3.108,0,0,0
521.453,1.482,2.023,3.123,0,0,0
521.504,1.482,2.023,3.123,0,0,0
521.555,1.482,2.023,3.121,0,0,0
521.606,1.482,2.023,3.114,0,0,0
521.657,1.482,2.023,3.123,0,0,0
521.708,1.482,2.024,3.123,0,0,0
521.759,1.482,2.024,3.113,0,0,0
521.810,1.482,2.024,3.127,0,0,0
521.861,1.482,2.024,3.104,0,0,0
521.912,1.482,2.024,3.107,0,0,0
521.963,1.482,2.024,3.107,0,0,0
522.014,1.482,2.024,3.114,0,0,0
522.065,1.482,2.024,3.118,0,0,0
522.116,1.482,2.024,3.118,0,0,0
522.167,1.482,2.024,3.110,0,0,0
522.218,1.482,2.024,3.110,0,0,0
522.269,1.482,2.024,3.113,0,0,0
522.320,1.483,2.023,3.114,0,0,0
522.371,1.483,2.023,3.118,0,0,0
522.422,1.483,2.023,3.118,0,0,0
522.473,1.483,2.023,3.116,0,0,0
522.524,1.483,2.023,3.116,0,0,0
522.575,1.483,2.023,3.118,0,0,0
522.626,1.483,2.023,3.131,0,0,0
522.677,1.483,2.023,3.131,0,0,0
522.728,1.483,2.023,3.113,1,0,0
522.779,1.483,2.023,3.104,0,0,0
522.830,1.483,2.023,3.114,0,0,0
522.881,1.482,2.023,3.114,0,0,0
522.932,1.482,2.023,3.112,0,0,0
522.983,1.482,2.023,3.109,0,0,0
523.034,1.482,2.023,3.118,0,0,0
523.085,1.482,2.023,3.113,0,0,0
523.136,1.482,2.023,3.113,0,0,0
523.187,1.482,2.024,3.112,0,0,0
523.238,1.482,2.024,3.122,0,0,0
523.289,1.482,2.024,3.126,0,0,0
523.340,1.482,2.024,3.126,0,0,0
523.391,1.482,2.024,3.117,0,0,0
523.442,1.481,2.024,3.110,0,0,0
523.493,1.481,2.024,3.110,0,0,0
523.544,1.481,2.024,3.101,0,0,0
523.595,1.481,2.024,3.101,0,0,0
523.646,1.481,2.024,3.113,0,0,0
523.697,1.481,2.024,3.127,0,0,0
523.748,1.481,2.024,3.115,0,0,0
523.799,1.481,2.024,3.116,0,0,0
523.850,1.481,2.024,3.116,0,0,0
523.901,1.481,2.024,3.118,0,0,0
523.952,1.481,2.024,3.118,0,0,0
524.003,1.481,2.024,3.113,0,0,0
524.054,1.481,2.024,3.113,0,0,0
524.105,1.481,2.024,3.109,0,0,0
524.156,1.481,2.024,3.140,0,0,0
524.207,1.481,2.024,3.105,0,0,0
524.258,1.481,2.024,3.115,0,0,0
524.309,1.481,2.024,3.115,0,0,0
524.360,1.481,2.024,3.126,0,0,0
524.411,1.481,2.024,3.125,0,0,0
524.462,1.481,2.024,3.124,0,0,-1
524.513,1.481,2.024,3.124,0,0,0
524.564,1.481,2.024,3.118,0,0,0
524.615,1.481,2.023,3.113,0,0,0
524.666,1.481,2.023,3.111,0,0,0
524.717,1.481,2.023,3.120,0,0,0
524.768,1.481,2.023,3.120,0,0,0
524.819,1.481,2.023,3.122,0,0,0
524.870,1.481,2.023,3.122,0,0,0
524.921,1.481,2.023,3.113,0,0,0
524.972,1.481,2.023,3.113,0,0,0
525.023,1.481,2.023,3.113,0,0,0
525.074,1.481,2.023,3.126,0,0,0
525.125,1.481,2.023,3.105,0,0,0
525.176,1.481,2.023,3.116,0,0,0
525.227,1.481,2.023,3.116,0,0,0
525.278,1.481,2.023,3.111,0,0,0
525.329,1.481,2.023,3.126,0,0,0
525.380,1.481,2.023,3.111,0,0,0
525.431,1.481,2.023,3.118,0,0,0
525.482,1.481,2.023,3.118,0,0,0
525.533,1.481,2.023,3.113,0,0,0
525.584,1.481,2.023,3.131,0,0,0
525.635,1.481,2.023,3.116,0,0,0
525.686,1.481,2.023,3.116,0,0,0
525.737,1.481,2.023,3.113,0,0,0
525.788,1.481,2.023,3.126,0,0,0
525.839,1.481,2.023,3.119,0,0,0
525.890,1.481,2.023,3.114,0,0,0
525.941,1.481,2.023,3.114,0,0,0
525.992,1.481,2.023,3.117,0,0,0
526.043,1.482,2.022,3.113,0,0,0
526.094,1.482,2.022,3.097,0,0,0
526.145,1.482,2.022,3.097,0,0,0
526.196,1.482,2.022,3.106,0,0,0
526.247,1.482,2.022,3.113,0,0,0
526.298,1.482,2.022,3.114,0,0,0
526.349,1.482,2.022,3.106,0,0,0
526.400,1.482,2.022,3.106,0,0,0
526.451,1.482,2.022,3.118,0,0,0
526.502,1.482,2.022,3.113,0,0,0
526.553,1.482,2.022,3.113,0,0,0
526.604,1.482,2.022,3.113,0,0,0
526.655,1.482,2.022,3.108,0,0,0
526.706,1.482,2.022,3.114,0,0,0
526.757,1.482,2.022,3.116,0,0,0
526.808,1.482,2.022,3.096,0,0,0
526.859,1.482,2.022,3.096,0,0,0
526.910,1.482,2.022,3.100,0,1,0
526.961,1.482,2.022,3.122,0,0,0
527.012,1.482,2.022,3.121,0,0,0
527.063,1.482,2.022,3.116,0,0,0
527.114,1.482,2.022,3.108,0,0,0
527.165,1.482,2.022,3.112,0,0,0
527.216,1.482,2.022,3.113,0,0,0
527.267,1.482,2.022,3.118,0,0,0
527.318,1.482,2.022,3.118,0,0,0
527.369,1.482,2.022,3.117,0,0,0
527.420,1.482,2.022,3.114,0,0,0
527.471,1.482,2.021,3.103,0,0,0
527.522,1.482,2.021,3.110,0,0,0
527.573,1.482,2.021,3.110,0,0,0
527.624,1.482,2.021,3.130,0,0,0
527.675,1.482,2.021,3.126,0,0,0
527.726,1.482,2.021,3.130,0,0,0
527.777,1.482,2.022,3.130,0,0,0
527.828,1.482,2.022,3.119,0,0,0
527.879,1.482,2.022,3.132,0,0,0
527.930,1.482,2.022,3.103,0,0,0
527.981,1.482,2.022,3.126,0,0,0
528.032,1.481,2.022,3.126,0,0,0
528.083,1.481,2.022,3.117,0,0,0
528.134,1.481,2.022,3.113,0,0,0
528.185,1.481,2.022,3.112,0,0,0
528.236,1.481,2.022,3.112,0,0,0
528.287,1.481,2.022,3.100,0,0,0
528.338,1.482,2.022,3.112,0,0,0
528.389,1.482,2.022,3.126,0,0,0
528.440,1.482,2.022,3.112,0,0,0
528.491,1.482,2.022,3.112,0,0,0
528.542,1.482,2.022,3.121,0,0,0
528.593,1.482,2.022,3.121,0,0,0
528.644,1.482,2.021,3.099,0,0,0
528.695,1.482,2.021,3.113,0,0,0
528.746,1.482,2.021,3.113,0,0,0
528.797,1.482,2.021,3.106,0,0,0
528.848,1.482,2.021,3.117,0,0,0
528.899,1.482,2.021,3.108,0,0,0
528.950,1.482,2.021,3.108,0,0,0
529.001,1.482,2.021,3.131,0,0,0
529.052,1.482,2.021,3.118,0,0,0
529.103,1.482,2.021,3.105,0,0,0
529.154,1.482,2.021,3.131,0,0,0
529.205,1.482,2.021,3.131,0,0,0
529.256,1.482,2.021,3.117,0,0,0
529.307,1.482,2.021,3.118,0,0,0
529.358,1.482,2.021,3.111,0,0,0
529.409,1.482,2.021,3.111,0,0,0
529.460,1.482,2.021,3.123,0,0,0
529.511,1.482,2.021,3.118,0,0,0
529.562,1.482,2.021,3.141,0,0,0
529.613,1.482,2.021,3.105,0,0,0
529.664,1.482,2.021,3.105,0,0,0
529.715,1.482,2.021,3.118,0,0,0
529.766,1.482,2.020,3.095,0,0,0
529.817,1.482,2.020,3.103,0,0,0
529.868,1.482,2.020,3.103,0,0,0
529.919,1.482,2.020,3.129,0,0,0
529.970,1.482,2.020,3.113,0,0,0
530.021,1.482,2.020,3.114,0,0,0
530.072,1.482,2.020,3.129,0,0,0
530.123,1.482,2.020,3.129,0,0,0
530.174,1.482,2.020,3.110,0,0,0
530.225,1.482,2.020,3.105,0,0,0
530.276,1.482,2.020,3.117,0,0,0
530.327,1.482,2.020,3.122,0,0,0
530.378,1.482,2.020,3.122,0,0,0
530.429,1.482,2.020,3.113,0,0,0
530.480,1.482,2.020,3.116,0,0,0
530.531,1.482,2.020,3.116,0,0,0
530.582,1.482,2.020,3.116,0,0,0
530.633,1.483,2.020,3.117,0,0,0
530.684,1.483,2.020,3.115,0,0,0
530.735,1.483,2.020,3.117,0,0,0
530.786,1.483,2.020,3.118,0,0,0
530.837,1.483,2.020,3.118,0,0,0
530.888,1.483,2.020,3.118,0,0,0
530.939,1.483,2.021,3.116,0,0,0
530.990,1.483,2.021,3.117,0,0,0
531.041,1.483,2.021,3.117,0,0,0
531.092,1.483,2.021,3.106,0,0,0
531.143,1.483,2.021,3.126,0,0,0
531.194,1.483,2.021,3.122,0,0,0
531.245,1.483,2.023,3.114,0,0,0
531.296,1.483,2.023,3.114,0,0,0
531.347,1.483,2.023,3.123,0,0,0
531.398,1.483,2.023,3.119,0,0,0
531.449,1.483,2.023,3.118,0,0,0
