538.210,-0.030,0.148,-3.091,0,0,0
538.271,-0.030,0.148,-3.091,0,0,0
538.322,-0.030,0.148,-3.084,0,0,0
538.373,-0.030,0.148,-3.080,0,0,0
538.424,-0.030,0.148,-3.080,0,0,0
538.475,-0.029,0.148,-3.084,0,0,0
538.526,-0.029,0.148,-3.084,0,0,0
538.577,-0.029,0.148,-3.091,0,0,0
538.628,-0.029,0.148,-3.095,0,0,0
538.679,-0.029,0.148,-3.095,0,0,0
538.730,-0.029,0.148,-3.084,0,0,0
538.781,-0.029,0.148,-3.087,0,0,0
538.832,-0.029,0.148,-3.091,0,0,0
538.883,-0.028,0.149,-3.091,0,0,0
538.934,-0.028,0.149,-3.094,0,0,0
538.985,-0.028,0.149,-3.102,0,0,0
539.036,-0.028,0.149,-3.084,0,0,0
539.087,-0.028,0.149,-3.098,0,0,0
539.138,-0.028,0.149,-3.098,0,0,0
539.189,-0.028,0.148,-3.091,0,0,0
539.240,-0.028,0.148,-3.101,0,0,0
539.291,-0.028,0.148,-3.105,0,0,0
539.342,-0.028,0.148,-3.105,0,0,0
539.393,-0.028,0.148,-3.077,0,0,0
539.444,-0.028,0.148,-3.090,0,0,0
539.495,-0.028,0.148,-3.091,0,0,0
539.546,-0.028,0.148,-3.091,0,0,0
539.597,-0.029,0.149,-3.091,0,0,0
539.648,-0.029,0.149,-3.091,0,0,0
539.699,-0.029,0.149,-3.095,0,0,0
539.750,-0.029,0.149,-3.091,0,0,0
539.801,-0.029,0.149,-3.091,0,0,0
539.852,-0.029,0.149,-3.091,0,0,0
539.903,-0.029,0.149,-3.084,0,9,-9
539.954,-0.029,0.149,-3.098,0,13,-13
540.005,-0.029,0.149,-3.087,0,13,-13
540.056,-0.029,0.148,-3.087,0,14,-14
540.107,-0.029,0.148,-3.087,0,14,-15
540.158,-0.029,0.148,-3.101,0,15,-15
540.209,-0.029,0.143,-3.098,0,14,-14
540.260,-0.029,0.143,-3.095,0,15,-15
540.311,-0.029,0.126,-3.095,0,14,-14
540.362,-0.029,0.126,-3.124,0,15,-15
540.413,-0.029,0.126,-3.109,0,14,-14
540.464,-0.028,0.099,-3.117,0,15,-15
540.515,-0.028,0.099,-3.117,0,14,-14
540.566,-0.028,0.099,-3.133,0,15,-15
540.617,-0.028,0.059,-3.138,0,14,-14
540.669,-0.028,0.059,-3.142,10,13,-15
540.720,-0.028,0.059,-3.171,13,9,-15
540.771,-0.026,0.015,-3.171,15,7,-15
540.822,-0.026,0.015,-3.187,14,7,-15
540.873,-0.026,0.015,-3.202,15,6,-16
540.924,-0.027,-0.029,-3.226,16,7,-15
540.975,-0.027,-0.029,-3.226,15,6,-16
541.026,-0.027,-0.029,-3.239,15,7,-16
541.078,-0.035,-0.070,-3.277,12,11,-15
541.129,-0.035,-0.070,-3.292,10,11,-16
541.180,-0.054,-0.108,-3.301,8,12,-16
541.231,-0.054,-0.108,-3.301,7,12,-16
541.282,-0.054,-0.108,-3.326,7,11,-16
541.384,-0.080,-0.144,-3.357,7,12,-16
541.435,-0.080,-0.144,-3.374,10,9,-15
541.486,-0.111,-0.180,-3.374,14,6,-16
541.537,-0.111,-0.180,-3.377,14,6,-16
541.588,-0.111,-0.180,-3.377,15,5,-16
541.639,-0.140,-0.217,-3.398,15,5,-15
541.690,-0.140,-0.217,-3.398,15,5,-16
541.741,-0.140,-0.217,-3.406,15,6,-16
541.792,-0.169,-0.251,-3.417,16,5,-16
541.844,-0.169,-0.251,-3.432,1,11,-16
541.895,-0.199,-0.281,-3.433,1,12,-16
541.946,-0.199,-0.281,-3.433,3,14,-15
541.997,-0.199,-0.281,-3.416,-1,13,-15
542.048,-0.232,-0.306,-3.424,-1,14,-16
542.099,-0.232,-0.306,-3.432,1,14,-15
542.150,-0.232,-0.306,-3.432,0,14,-15
542.201,-0.268,-0.332,-3.432,0,14,-15
542.252,-0.268,-0.332,-3.434,0,14,-15
542.303,-0.268,-0.332,-3.433,0,14,-15
542.354,-0.296,-0.365,-3.417,0,14,-15
542.405,-0.296,-0.365,-3.417,0,14,-14
542.456,-0.296,-0.365,-3.429,0,14,-15
542.507,-0.318,-0.402,-3.425,-1,14,-15
542.558,-0.318,-0.402,-3.423,0,14,-14
542.609,-0.318,-0.402,-3.420,0,15,-15
542.660,-0.333,-0.444,-3.420,0,14,-14
542.711,-0.333,-0.444,-3.420,0,14,-15
542.762,-0.341,-0.486,-3.426,0,14,-14
542.813,-0.341,-0.486,-3.428,0,14,-15
542.864,-0.341,-0.486,-3.428,0,14,-14
542.915,-0.348,-0.529,-3.429,0,14,-15
542.966,-0.348,-0.529,-3.429,0,14,-14
543.017,-0.348,-0.529,-3.417,0,14,-14
543.068,-0.356,-0.572,-3.401,0,14,-15
543.119,-0.356,-0.572,-3.401,0,14,-14
543.221,-0.364,-0.615,-3.406,0,14,-15
543.273,-0.364,-0.615,-3.396,-11,15,-9
543.324,-0.364,-0.615,-3.396,-14,14,-6
543.375,-0.373,-0.659,-3.401,-14,15,-7
543.426,-0.373,-0.659,-3.391,-15,15,-6
543.477,-0.373,-0.659,-3.376,-16,15,-7
543.528,-0.381,-0.702,-3.346,-15,15,-7
543.579,-0.381,-0.702,-3.346,-16,15,-6
543.630,-0.381,-0.744,-3.329,-15,15,-6
543.681,-0.381,-0.744,-3.307,-16,15,-7
543.732,-0.381,-0.744,-3.287,-15,16,-6
543.783,-0.374,-0.787,-3.287,-16,15,-6
543.834,-0.374,-0.787,-3.280,-15,15,-6
543.885,-0.374,-0.787,-3.260,-16,16,-6
543.936,-0.355,-0.827,-3.240,-16,15,-6
543.987,-0.355,-0.827,-3.219,-15,16,-6
544.038,-0.355,-0.827,-3.219,-16,15,-6
544.089,-0.326,-0.867,-3.205,-15,15,-5
544.140,-0.326,-0.867,-3.189,-16,16,-6
544.191,-0.326,-0.867,-3.166,-16,15,-6
544.242,-0.295,-0.904,-3.138,-16,16,-6
544.293,-0.295,-0.904,-3.138,-15,15,-6
544.344,-0.259,-0.940,-3.139,-16,16,-6
544.395,-0.259,-0.940,-3.106,-16,16,-6
544.446,-0.259,-0.940,-3.098,-16,15,-6
544.497,-0.223,-0.976,-3.098,-16,16,-6
544.548,-0.223,-0.976,-3.068,-15,15,-6
544.599,-0.223,-0.976,-3.064,-16,16,-6
544.650,-0.187,-1.011,-3.038,-16,16,-6
544.701,-0.187,-1.011,-3.013,-16,15,-6
544.752,-0.187,-1.011,-3.013,-16,16,-6
544.803,-0.149,-1.043,-2.990,-16,16,-6
544.854,-0.149,-1.043,-2.970,-16,15,-6
544.905,-0.149,-1.043,-2.949,-15,16,-6
544.956,-0.108,-1.072,-2.949,-17,16,-6
545.007,-0.108,-1.072,-2.950,-15,16,-6
545.058,-0.108,-1.072,-2.901,-16,15,-6
545.109,-0.065,-1.098,-2.906,-16,16,-6
545.160,-0.065,-1.098,-2.887,-16,16,-6
545.262,-0.021,-1.121,-2.853,-16,16,-6
545.313,-0.021,-1.121,-2.821,-16,16,-6
545.364,0.024,-1.143,-2.815,-15,16,-6
545.415,0.024,-1.143,-2.815,-16,15,-6
545.466,0.024,-1.143,-2.778,-16,16,-6
545.517,0.069,-1.162,-2.755,-16,16,-6
545.568,0.069,-1.162,-2.733,-16,16,-6
545.619,0.069,-1.162,-2.716,-16,16,-6
545.671,0.115,-1.179,-2.716,-16,16,0
545.723,0.115,-1.179,-2.702,-13,17,6
545.774,0.115,-1.179,-2.728,-13,16,6
545.825,0.160,-1.195,-2.746,-11,16,5
545.876,0.160,-1.195,-2.771,-11,16,5
545.979,0.207,-1.205,-2.788,-11,16,2
546.030,0.207,-1.205,-2.792,-11,16,1
546.081,0.254,-1.211,-2.793,-11,16,0
546.132,0.254,-1.211,-2.793,-10,16,1
546.183,0.254,-1.211,-2.807,-10,16,0
546.234,0.300,-1.216,-2.833,-10,15,2
546.285,0.300,-1.216,-2.849,-9,16,2
546.336,0.300,-1.216,-2.874,-10,16,2
546.387,0.345,-1.218,-2.874,-9,16,2
546.438,0.345,-1.218,-2.889,-10,16,1
546.489,0.345,-1.218,-2.909,-9,16,2
546.541,0.388,-1.221,-2.893,-13,16,-2
546.593,0.388,-1.221,-2.908,-14,15,6
546.644,0.424,-1.229,-2.908,-14,15,9
546.695,0.424,-1.229,-2.919,-15,14,10
546.746,0.424,-1.229,-2.936,-15,13,10
546.797,0.463,-1.237,-2.950,-15,13,10
546.848,0.463,-1.237,-2.950,-16,12,9
546.899,0.463,-1.237,-2.965,-15,12,9
546.950,0.506,-1.244,-2.951,-15,2,12
547.001,0.506,-1.244,-2.968,-15,-4,14
547.052,0.506,-1.244,-2.922,-16,-6,14
547.103,0.551,-1.249,-2.922,-16,-7,15
547.154,0.551,-1.249,-2.893,-15,-7,15
547.205,0.551,-1.249,-2.847,-16,-6,15
547.256,0.600,-1.247,-2.838,-15,-7,15
547.307,0.600,-1.247,-2.838,-15,-6,16
547.358,0.600,-1.247,-2.798,-16,-7,15
547.409,0.644,-1.233,-2.789,-15,-6,15
547.460,0.644,-1.233,-2.769,-16,-7,16
547.511,0.681,-1.211,-2.723,-16,-5,15
547.562,0.681,-1.211,-2.723,-15,-7,16
547.613,0.681,-1.211,-2.699,-16,-5,15
547.664,0.710,-1.181,-2.689,-16,-6,16
547.715,0.710,-1.181,-2.668,-15,-7,15
547.766,0.710,-1.181,-2.668,-16,-6,16
547.817,0.734,-1.143,-2.637,-16,-6,15
547.868,0.734,-1.143,-2.622,-15,-6,16
547.919,0.734,-1.143,-2.585,-16,-6,16
547.970,0.759,-1.103,-2.569,-16,-6,15
548.021,0.759,-1.103,-2.569,-15,-6,16
548.072,0.759,-1.103,-2.539,-16,-6,16
548.123,0.783,-1.063,-2.517,-16,-6,15
548.174,0.783,-1.063,-2.495,-15,-6,16
548.225,0.783,-1.063,-2.458,-16,-5,16
548.327,0.809,-1.022,-2.470,-16,-7,16
548.378,0.834,-0.982,-2.422,-2,-11,15
548.429,0.834,-0.982,-2.416,0,-13,16
548.480,0.834,-0.982,-2.416,-3,-13,15
548.531,0.857,-0.941,-2.410,-2,-14,15
548.582,0.857,-0.941,-2.409,0,-14,15
548.633,0.857,-0.941,-2.430,0,-14,15
548.684,0.870,-0.898,-2.419,1,-14,15
548.735,0.870,-0.898,-2.419,0,-14,15
548.786,0.870,-0.898,-2.425,0,-14,15
548.837,0.873,-0.856,-2.429,0,-14,15
548.888,0.873,-0.856,-2.438,0,-14,15
548.940,0.873,-0.856,-2.438,-8,-14,15
548.991,0.866,-0.812,-2.434,-14,-8,15
549.042,0.866,-0.812,-2.416,-14,-5,16
549.093,0.848,-0.769,-2.399,-15,-7,16
549.144,0.848,-0.769,-2.356,-16,-6,15
549.195,0.848,-0.769,-2.356,-15,-6,16
549.246,0.835,-0.726,-2.351,-16,-6,15
549.297,0.835,-0.726,-2.304,-16,-6,16
549.348,0.835,-0.726,-2.299,-15,-6,16
549.399,0.831,-0.683,-2.299,-16,-6,15
549.450,0.831,-0.683,-2.255,-16,-6,16
549.501,0.831,-0.683,-2.260,-15,-6,16
549.552,0.835,-0.640,-2.235,-16,-5,15
549.603,0.835,-0.640,-2.212,-16,-6,16
549.654,0.835,-0.640,-2.212,-15,-7,16
549.705,0.847,-0.596,-2.193,-16,-5,16
549.756,0.847,-0.596,-2.147,-16,-6,15
549.807,0.847,-0.596,-2.136,-16,-6,16
549.858,0.860,-0.553,-2.128,-15,-6,16
549.909,0.860,-0.553,-2.128,-16,-6,16
549.960,0.871,-0.507,-2.104,-16,-6,16
550.011,0.871,-0.507,-2.084,-16,-6,16
550.062,0.871,-0.507,-2.060,-16,-6,16
550.113,0.882,-0.463,-2.060,-15,-6,16
550.164,0.882,-0.463,-2.050,-16,-6,16
550.215,0.882,-0.463,-2.018,-16,-5,16
550.266,0.889,-0.418,-1.999,-16,-6,16
550.317,0.889,-0.418,-1.979,-16,-6,16
550.368,0.889,-0.418,-1.979,-16,-6,16
550.419,0.895,-0.371,-1.967,-16,-6,16
550.470,0.895,-0.371,-1.946,-16,-6,16
550.521,0.895,-0.371,-1.939,-16,-6,16
550.572,0.897,-0.323,-1.939,-16,-6,16
550.623,0.897,-0.323,-1.896,-16,-6,16
550.674,0.897,-0.275,-1.885,-15,-6,16
550.725,0.897,-0.275,-1.872,-16,-6,16
550.776,0.897,-0.275,-1.867,-16,-5,16
550.827,0.896,-0.226,-1.867,-16,-6,17
550.878,0.896,-0.226,-1.874,-16,-6,16
550.929,0.896,-0.226,-1.858,-16,-6,16
550.980,0.893,-0.180,-1.842,-16,-6,16
551.031,0.893,-0.180,-1.842,-16,-6,16
551.133,0.889,-0.135,-1.817,-16,-6,17
551.185,0.889,-0.135,-1.781,-8,-10,16
551.236,0.889,-0.135,-1.801,-2,-12,16
551.287,0.882,-0.089,-1.801,-4,-13,16
551.338,0.882,-0.089,-1.799,-2,-14,15
551.389,0.882,-0.089,-1.817,-1,-14,16
551.440,0.874,-0.046,-1.824,-1,-15,15
551.492,0.874,-0.046,-1.870,10,2,16
551.543,0.857,-0.005,-1.870,15,3,18
551.594,0.857,-0.005,-1.986,15,0,16
551.645,0.857,-0.005,-2.084,15,-1,15
551.696,0.831,0.031,-2.201,15,1,16
551.747,0.831,0.031,-2.201,15,2,16
551.798,0.831,0.031,-2.302,16,2,16
551.849,0.803,0.062,-2.424,15,1,16
551.900,0.803,0.062,-2.529,15,1,16
551.951,0.803,0.062,-2.657,15,1,16
552.002,0.770,0.091,-2.657,16,2,17
552.053,0.770,0.091,-2.748,15,2,15
552.104,0.770,0.091,-2.860,15,1,17
552.155,0.744,0.118,-2.977,16,1,16
552.206,0.744,0.118,-2.977,15,1,16
552.257,0.729,0.144,-3.077,15,2,16
552.308,0.729,0.144,-3.214,16,2,16
552.359,0.729,0.144,-3.332,15,2,16
552.410,0.721,0.172,-3.438,16,1,16
552.461,0.721,0.172,-3.438,15,1,16
552.512,0.721,0.172,-3.558,15,1,17
552.563,0.729,0.200,-3.693,16,3,16
552.614,0.729,0.200,-3.811,15,1,16
552.665,0.729,0.200,-3.925,16,2,16
552.768,0.733,0.230,-4.040,16,-7,17
552.819,0.733,0.230,-4.116,15,-13,13
552.870,0.753,0.257,-4.178,15,-14,11
552.921,0.753,0.257,-4.178,15,-15,11
552.972,0.753,0.257,-4.198,15,-16,9
553.023,0.776,0.283,-4.238,16,-15,8
553.074,0.776,0.283,-4.275,15,-15,9
553.125,0.797,0.310,-4.296,16,-15,7
553.176,0.797,0.310,-4.296,15,-16,8
553.227,0.797,0.310,-4.321,16,-15,6
553.279,0.833,0.338,-4.327,16,-14,-6
553.330,0.833,0.338,-4.327,15,-14,-10
553.381,0.833,0.338,-4.327,15,-12,-9
553.432,0.861,0.372,-4.323,16,-11,-10
553.484,0.861,0.372,-4.302,16,-8,-11
553.536,0.861,0.372,-4.279,15,-4,-13
553.587,0.884,0.412,-4.295,17,-3,-13
553.638,0.884,0.412,-4.295,15,-3,-14
553.689,0.884,0.412,-4.282,16,0,-14
553.741,0.897,0.455,-4.288,16,3,-15
553.793,0.897,0.455,-4.302,16,4,-16
553.845,0.897,0.498,-4.309,16,4,-16
553.897,0.897,0.498,-4.309,16,6,-16
553.949,0.897,0.498,-4.354,16,8,-15
554.000,0.881,0.537,-4.379,16,8,-16
554.051,0.881,0.537,-4.420,16,7,-15
554.102,0.881,0.537,-4.467,15,8,-16
554.153,0.854,0.571,-4.467,16,7,-16
554.204,0.854,0.571,-4.483,16,7,-16
554.255,0.854,0.571,-4.507,15,7,-15
554.306,0.821,0.600,-4.509,16,6,-16
554.357,0.821,0.600,-4.509,16,7,-16
554.408,0.821,0.600,-4.547,15,6,-16
554.459,0.784,0.627,-4.575,16,6,-16
554.510,0.784,0.627,-4.599,16,6,-16
554.612,0.748,0.655,-4.621,16,6,-16
554.663,0.748,0.655,-4.645,16,8,-16
554.715,0.712,0.685,-4.676,14,10,-16
554.767,0.712,0.685,-4.680,5,12,-16
554.818,0.712,0.685,-4.680,-1,13,-16
554.869,0.679,0.718,-4.706,2,13,-16
554.920,0.679,0.718,-4.694,1,14,-15
554.971,0.679,0.718,-4.699,-1,14,-15
555.022,0.645,0.749,-4.709,0,14,-15
555.073,0.645,0.749,-4.709,2,15,-15
555.124,0.645,0.749,-4.702,0,14,-15
555.175,0.609,0.775,-4.704,0,14,-15
555.226,0.609,0.775,-4.703,0,14,-15
555.277,0.609,0.775,-4.710,0,14,-15
555.328,0.571,0.794,-4.710,-1,14,-15
555.379,0.571,0.794,-4.700,0,14,-15
555.430,0.528,0.806,-4.685,0,14,-14
555.481,0.528,0.806,-4.700,0,14,-15
555.532,0.528,0.806,-4.700,0,14,-15
555.583,0.483,0.814,-4.689,0,15,-14
555.634,0.483,0.814,-4.686,0,14,-15
555.685,0.483,0.814,-4.690,0,14,-14
555.736,0.439,0.820,-4.677,0,14,-15
555.787,0.439,0.820,-4.677,0,14,-14
555.838,0.439,0.820,-4.681,0,14,-15
555.889,0.393,0.825,-4.657,0,14,-14
555.940,0.393,0.825,-4.650,0,14,-15
555.991,0.393,0.825,-4.650,0,14,-14
556.042,0.349,0.830,-4.643,0,14,-15
556.093,0.349,0.830,-4.638,0,14,-14
556.144,0.305,0.834,-4.644,0,14,-14
556.195,0.305,0.834,-4.624,0,14,-14
556.246,0.305,0.834,-4.624,0,15,-15
556.297,0.261,0.838,-4.608,0,14,-14
556.348,0.261,0.838,-4.607,1,14,-14
556.399,0.261,0.838,-4.607,0,14,-14
556.450,0.217,0.843,-4.607,0,14,-14
556.501,0.217,0.843,-4.597,0,14,-14
556.552,0.217,0.843,-4.584,0,14,-14
556.603,0.173,0.847,-4.569,0,15,-14
556.654,0.173,0.847,-4.556,0,14,-14
556.705,0.173,0.847,-4.556,0,14,-14
556.756,0.128,0.853,-4.546,0,14,-14
556.807,0.128,0.853,-4.510,0,14,-15
556.858,0.128,0.853,-4.502,0,14,-13
556.909,0.084,0.857,-4.501,0,14,-15
556.960,0.084,0.857,-4.501,0,14,-14
557.011,0.040,0.860,-4.480,0,14,-14
557.062,0.040,0.860,-4.461,0,14,-14
557.113,0.040,0.860,-4.460,0,14,-14
557.164,-0.003,0.862,-4.460,0,14,-14
557.215,-0.003,0.862,-4.443,0,14,-14
557.266,-0.003,0.862,-4.420,0,14,-14
557.317,-0.047,0.861,-4.426,0,15,-14
557.368,-0.047,0.861,-4.405,0,14,-14
557.419,-0.047,0.861,-4.405,0,14,-14
557.470,-0.091,0.862,-4.405,0,14,-14
557.521,-0.091,0.862,-4.404,0,14,-14
557.572,-0.091,0.862,-4.392,0,14,-14
557.623,-0.135,0.864,-4.392,0,14,-15
557.674,-0.135,0.864,-4.376,0,14,-14
557.725,-0.135,0.864,-4.378,0,14,-14
557.776,-0.179,0.865,-4.370,0,15,-14
557.827,-0.179,0.865,-4.357,0,14,-14
557.878,-0.223,0.869,-4.357,0,14,-14
557.929,-0.223,0.869,-4.373,0,14,-14
557.980,-0.223,0.869,-4.370,0,14,-14
558.031,-0.266,0.873,-4.355,0,14,-15
558.082,-0.266,0.873,-4.355,0,14,-14
558.133,-0.266,0.873,-4.346,0,14,-14
558.184,-0.310,0.877,-4.340,0,14,-14
558.235,-0.310,0.877,-4.354,0,15,-14
558.286,-0.310,0.877,-4.345,0,14,-14
558.337,-0.352,0.881,-4.345,0,14,-14
558.388,-0.352,0.881,-4.347,0,14,-14
558.439,-0.352,0.881,-4.366,0,14,-13
558.490,-0.394,0.885,-4.363,0,14,-14
558.541,-0.394,0.885,-4.358,0,14,-15
558.592,-0.437,0.887,-4.358,0,14,-14
558.643,-0.437,0.887,-4.351,0,14,-14
558.694,-0.437,0.887,-4.379,0,14,-14
558.745,-0.478,0.889,-4.373,0,14,-14
558.796,-0.478,0.889,-4.373,0,14,-14
558.847,-0.478,0.889,-4.363,0,14,-14
558.898,-0.520,0.892,-4.377,0,14,-15
558.949,-0.520,0.892,-4.382,0,14,-14
559.000,-0.520,0.892,-4.380,0,14,-14
559.051,-0.563,0.895,-4.380,0,14,-13
559.102,-0.563,0.895,-4.381,0,15,-14
559.153,-0.563,0.895,-4.387,0,14,-14
559.205,-0.606,0.897,-4.393,-11,14,-8
559.256,-0.606,0.897,-4.393,-14,15,-4
559.307,-0.606,0.897,-4.384,-14,15,-7
559.358,-0.649,0.899,-4.398,-15,14,-6
559.409,-0.649,0.899,-4.365,-16,15,-6
559.460,-0.691,0.899,-4.351,-15,15,-6
559.511,-0.691,0.899,-4.351,-16,15,-6
559.562,-0.691,0.899,-4.330,-15,15,-6
559.613,-0.731,0.889,-4.299,-16,16,-6
559.664,-0.731,0.889,-4.272,-16,15,-6
559.715,-0.731,0.889,-4.272,-15,15,-6
559.766,-0.769,0.869,-4.256,-16,15,-5
559.817,-0.769,0.869,-4.232,-15,16,-7
559.868,-0.769,0.869,-4.213,-16,15,-5
559.919,-0.805,0.837,-4.190,-16,15,-6
559.970,-0.805,0.837,-4.190,-15,15,-7
560.021,-0.805,0.837,-4.177,-16,16,-6
560.072,-0.839,0.798,-4.159,-16,15,-5
560.123,-0.839,0.798,-4.133,-16,16,-6
560.174,-0.870,0.756,-4.101,-15,15,-6
560.225,-0.870,0.756,-4.101,-16,15,-6
560.276,-0.870,0.756,-4.094,-16,16,-6
560.327,-0.900,0.717,-4.058,-15,16,-6
560.378,-0.900,0.717,-4.043,-16,15,-6
560.429,-0.900,0.717,-4.043,-16,16,-5
560.480,-0.926,0.677,-4.024,-16,15,-6
560.531,-0.926,0.677,-4.005,-15,16,-7
560.582,-0.926,0.677,-3.953,-16,15,-6
560.633,-0.950,0.636,-3.945,-16,16,-6
560.684,-0.950,0.636,-3.945,-16,16,-6
560.735,-0.950,0.636,-3.917,-16,15,-6
560.786,-0.973,0.594,-3.901,-15,16,-6
560.837,-0.973,0.594,-3.883,-16,16,-6
560.888,-0.973,0.594,-3.883,-16,16,-5
560.939,-0.995,0.551,-3.849,-16,15,-6
560.990,-0.995,0.551,-3.837,-16,16,-6
561.041,-1.016,0.505,-3.813,-16,16,-7
561.092,-1.016,0.505,-3.780,-16,16,-5
561.143,-1.016,0.505,-3.780,-16,16,-6
561.194,-1.036,0.459,-3.749,-16,16,-6
561.245,-1.036,0.459,-3.737,-15,15,-6
561.296,-1.036,0.459,-3.705,-16,16,-6
561.347,-1.054,0.413,-3.705,-16,16,-6
561.398,-1.054,0.413,-3.677,-16,16,-6
561.449,-1.054,0.413,-3.658,-16,16,-6
561.500,-1.069,0.366,-3.637,-16,15,-6
561.551,-1.069,0.366,-3.603,-16,16,-6
561.602,-1.069,0.366,-3.603,-16,16,-6
561.653,-1.082,0.320,-3.584,-16,16,-6
561.704,-1.082,0.320,-3.569,-16,16,-6
561.755,-1.082,0.320,-3.525,-16,16,-6
561.806,-1.092,0.273,-3.485,-16,16,-6
561.857,-1.092,0.273,-3.485,-16,15,-6
561.908,-1.099,0.225,-3.471,-16,16,-5
561.959,-1.099,0.225,-3.465,-16,16,-6
562.010,-1.099,0.225,-3.430,-16,16,-7
562.112,-1.102,0.176,-3.387,-16,16,-5
562.163,-1.102,0.176,-3.372,-16,16,-9
562.215,-1.103,0.127,-3.342,-4,16,-12
562.266,-1.103,0.127,-3.328,1,16,-13
562.317,-1.103,0.127,-3.328,-3,16,-14
562.368,-1.104,0.079,-3.324,-3,15,-14
562.419,-1.104,0.079,-3.322,-1,16,-14
562.470,-1.104,0.079,-3.316,-1,15,-14
562.521,-1.108,0.031,-3.316,-1,16,-14
562.572,-1.108,0.031,-3.327,0,15,-15
562.623,-1.120,-0.009,-3.322,0,16,-14
562.674,-1.120,-0.009,-3.308,0,15,-14
562.726,-1.120,-0.009,-3.317,-4,16,-14
562.777,-1.140,-0.049,-3.317,-8,15,-13
562.829,-1.140,-0.049,-3.311,-11,16,-12
562.880,-1.140,-0.049,-3.250,-13,15,-9
562.931,-1.164,-0.091,-3.262,-14,16,-8
562.983,-1.164,-0.091,-3.228,-15,16,-6
563.034,-1.164,-0.091,-3.228,-15,16,-5
563.085,-1.187,-0.131,-3.202,-15,16,-5
563.136,-1.187,-0.131,-3.178,-16,16,-6
563.187,-1.187,-0.131,-3.162,-15,15,-5
563.238,-1.202,-0.175,-3.162,-15,16,-5
563.289,-1.202,-0.175,-3.127,-16,16,-6
563.340,-1.207,-0.222,-3.101,-15,16,-6
563.391,-1.207,-0.222,-3.060,-15,16,-5
563.442,-1.207,-0.222,-3.049,-16,15,-6
563.493,-1.202,-0.267,-3.049,-16,16,-6
563.544,-1.202,-0.267,-3.021,-15,16,-6
563.595,-1.202,-0.267,-2.993,-16,16,-5
563.646,-1.190,-0.313,-2.982,-15,16,-6
563.697,-1.190,-0.313,-2.982,-16,16,-6
563.748,-1.190,-0.313,-2.960,-16,15,-6
563.799,-1.175,-0.357,-2.942,-15,17,-6
563.850,-1.175,-0.357,-2.902,-16,15,-6
563.901,-1.175,-0.357,-2.885,-15,17,-6
563.953,-1.158,-0.400,-2.885,-16,16,-6
564.004,-1.158,-0.400,-2.846,-16,15,-5
564.055,-1.158,-0.400,-2.846,-16,16,-7
564.106,-1.138,-0.448,-2.810,-15,16,-6
564.157,-1.138,-0.448,-2.791,-16,16,-6
564.208,-1.117,-0.497,-2.791,-16,16,-6
564.259,-1.117,-0.497,-2.759,-15,16,-6
564.310,-1.117,-0.497,-2.747,-16,16,-5
564.361,-1.097,-0.547,-2.737,-16,16,-7
564.412,-1.097,-0.547,-2.737,-15,16,-6
564.463,-1.097,-0.547,-2.718,-16,16,-5
564.514,-1.077,-0.596,-2.704,-16,16,-7
564.565,-1.077,-0.596,-2.698,-16,16,-6
564.616,-1.077,-0.596,-2.659,-16,16,-6
564.667,-1.054,-0.639,-2.659,-16,16,-6
564.718,-1.054,-0.639,-2.661,-15,16,-5
564.769,-1.054,-0.639,-2.632,-16,16,-6
564.820,-1.031,-0.681,-2.640,-16,16,-6
564.871,-1.031,-0.681,-2.640,-16,16,-7
564.922,-1.003,-0.722,-2.618,-16,16,-5
564.973,-1.003,-0.722,-2.613,-15,16,-6
565.024,-1.003,-0.722,-2.596,-16,16,-5
565.075,-0.972,-0.764,-2.601,-16,16,-6
565.126,-0.972,-0.764,-2.601,-16,16,-6
565.177,-0.972,-0.764,-2.598,-16,16,-6
565.228,-0.940,-0.804,-2.609,-16,16,-7
565.279,-0.940,-0.804,-2.586,-16,16,-6
565.330,-0.940,-0.804,-2.586,-16,16,-5
565.381,-0.906,-0.842,-2.590,-16,16,-7
565.432,-0.906,-0.842,-2.619,-16,16,-6
565.483,-0.906,-0.842,-2.631,-16,16,-5
565.534,-0.870,-0.880,-2.656,-16,16,-7
565.585,-0.870,-0.880,-2.656,-15,16,-6
565.636,-0.870,-0.880,-2.652,-16,16,-5
565.687,-0.833,-0.914,-2.670,-17,16,-6
565.738,-0.833,-0.914,-2.677,-15,16,-7
565.789,-0.793,-0.946,-2.697,-16,16,-6
565.840,-0.793,-0.946,-2.697,-16,16,-6
565.942,-0.750,-0.976,-2.698,-16,16,-5
565.993,-0.750,-0.976,-2.705,-16,16,-6
566.044,-0.750,-0.976,-2.705,-16,16,-6
566.095,-0.707,-1.005,-2.705,-16,17,-6
566.146,-0.707,-1.005,-2.700,-16,15,-6
566.197,-0.707,-1.005,-2.710,-16,17,-6
566.248,-0.662,-1.032,-2.703,-16,16,-6
566.299,-0.662,-1.032,-2.703,-16,16,-5
566.350,-0.662,-1.032,-2.712,-16,16,-6
566.401,-0.618,-1.058,-2.708,-16,16,-6
566.452,-0.618,-1.058,-2.705,-16,16,-6
566.503,-0.618,-1.058,-2.705,-16,16,-6
566.554,-0.575,-1.082,-2.683,-16,17,-6
566.605,-0.575,-1.082,-2.699,-16,16,-6
566.656,-0.530,-1.105,-2.676,-16,15,6
566.708,-0.530,-1.105,-2.705,-16,-1,14
566.759,-0.530,-1.105,-2.705,-16,-1,15
566.810,-0.485,-1.125,-2.714,-16,0,15
566.861,-0.485,-1.125,-2.726,-16,-3,15
566.913,-0.485,-1.125,-2.719,-7,-9,16
566.964,-0.440,-1.134,-2.742,-1,-12,15
567.015,-0.440,-1.134,-2.742,-5,-12,16
567.066,-0.440,-1.134,-2.735,-3,-13,14
567.117,-0.401,-1.127,-2.732,-3,-13,15
567.168,-0.401,-1.127,-2.735,-2,-14,16
567.219,-0.401,-1.127,-2.735,-1,-13,15
567.270,-0.376,-1.106,-2.753,-1,-14,15
567.321,-0.376,-1.106,-2.746,0,-13,15
567.372,-0.365,-1.073,-2.754,0,-14,15
567.423,-0.365,-1.073,-2.742,0,-13,14
567.474,-0.365,-1.073,-2.742,0,-14,15
567.525,-0.367,-1.034,-2.740,0,-14,15
567.576,-0.367,-1.034,-2.745,0,-13,14
567.627,-0.367,-1.034,-2.752,0,-14,15
567.678,-0.380,-0.995,-2.752,0,-14,15
567.729,-0.380,-0.995,-2.737,0,-14,14
567.780,-0.380,-0.995,-2.755,0,-13,15
567.831,-0.397,-0.955,-2.750,0,-14,14
567.882,-0.397,-0.955,-2.747,1,-14,15
567.933,-0.397,-0.955,-2.747,0,-14,14
567.984,-0.416,-0.916,-2.753,0,-14,14
568.035,-0.416,-0.916,-2.778,0,-13,15
568.086,-0.416,-0.916,-2.755,0,-14,14
568.188,-0.435,-0.879,-2.753,0,-14,14
568.239,-0.454,-0.840,-2.748,0,-15,14
568.290,-0.454,-0.840,-2.748,0,-13,14
568.341,-0.454,-0.840,-2.741,0,-14,15
568.392,-0.473,-0.799,-2.741,0,-14,14
568.443,-0.473,-0.799,-2.720,0,-14,14
568.494,-0.473,-0.799,-2.714,0,-14,14
568.545,-0.490,-0.758,-2.733,0,-14,15
568.596,-0.490,-0.758,-2.727,0,-14,14
568.647,-0.490,-0.758,-2.722,0,-14,14
568.698,-0.507,-0.715,-2.689,0,-14,15
568.749,-0.507,-0.715,-2.686,0,-14,14
568.800,-0.507,-0.715,-2.686,0,-14,14
568.851,-0.525,-0.673,-2.686,0,-14,14
568.902,-0.525,-0.673,-2.682,0,-14,14
568.953,-0.542,-0.632,-2.677,0,-14,15
569.004,-0.542,-0.632,-2.650,0,-14,14
569.055,-0.542,-0.632,-2.650,0,-14,14
569.106,-0.560,-0.591,-2.650,0,-14,14
569.157,-0.560,-0.591,-2.648,0,-14,15
569.208,-0.560,-0.591,-2.628,0,-14,14
569.259,-0.579,-0.551,-2.618,0,-14,14
569.310,-0.579,-0.551,-2.618,0,-14,14
569.361,-0.579,-0.551,-2.612,0,-14,14
569.412,-0.597,-0.511,-2.590,0,-14,14
569.463,-0.597,-0.511,-2.582,0,-14,14
569.565,-0.615,-0.472,-2.574,0,-14,14
569.617,-0.615,-0.472,-2.594,-7,-14,15
569.670,-0.615,-0.472,-2.537,-13,-8,15
569.721,-0.633,-0.433,-2.518,-14,-5,15
569.772,-0.633,-0.433,-2.526,-15,-6,15
569.823,-0.650,-0.394,-2.526,-16,-6,16
569.874,-0.650,-0.394,-2.501,-15,-6,15
569.925,-0.650,-0.394,-2.489,-16,-6,15
569.976,-0.658,-0.354,-2.479,-15,-6,16
570.027,-0.658,-0.354,-2.479,-16,-7,15
570.078,-0.658,-0.354,-2.436,-15,-6,16
570.129,-0.662,-0.313,-2.439,-16,-6,15
570.180,-0.662,-0.313,-2.398,-16,-6,16
570.231,-0.662,-0.313,-2.390,-16,-6,16
570.284,-0.653,-0.270,-2.390,-16,-1,16
570.336,-0.653,-0.270,-2.383,-16,1,16
570.388,-0.653,-0.270,-2.391,-15,8,14
570.439,-0.636,-0.225,-2.432,-16,11,13
570.490,-0.636,-0.225,-2.467,-15,11,12
570.541,-0.620,-0.178,-2.467,-16,10,10
570.592,-0.620,-0.178,-2.499,-16,10,9
570.643,-0.620,-0.178,-2.518,-16,10,10
570.694,-0.592,-0.136,-2.535,-16,10,8
570.745,-0.592,-0.136,-2.535,-16,10,9
570.796,-0.592,-0.136,-2.567,-15,9,9
570.847,-0.561,-0.099,-2.573,-16,9,8
570.898,-0.561,-0.099,-2.591,-16,9,9
570.949,-0.561,-0.099,-2.606,-16,9,8
571.000,-0.524,-0.069,-2.606,-16,8,8
571.051,-0.524,-0.069,-2.613,-16,9,8
571.102,-0.524,-0.069,-2.616,-15,9,8
571.153,-0.481,-0.047,-2.620,-16,8,8
571.204,-0.481,-0.047,-2.620,-16,8,9
571.255,-0.438,-0.027,-2.646,-16,9,8
571.306,-0.438,-0.027,-2.653,-16,8,8
571.357,-0.438,-0.027,-2.665,-16,8,8
571.408,-0.398,-0.009,-2.662,-16,9,8
571.459,-0.398,-0.009,-2.662,-16,8,8
571.510,-0.398,-0.009,-2.685,-16,8,8
571.561,-0.357,0.008,-2.709,-16,8,9
571.612,-0.357,0.008,-2.700,-16,8,8
571.663,-0.357,0.008,-2.700,-16,9,8
571.714,-0.316,0.026,-2.684,-16,8,8
571.765,-0.316,0.026,-2.731,-15,8,8
571.816,-0.316,0.026,-2.728,-16,8,8
571.867,-0.276,0.041,-2.747,-16,8,8
571.918,-0.276,0.041,-2.747,-16,8,8
571.969,-0.276,0.041,-2.735,-16,8,8
572.020,-0.235,0.055,-2.742,-16,9,8
572.071,-0.235,0.055,-2.760,-16,8,8
572.122,-0.195,0.069,-2.755,-16,8,8
572.173,-0.195,0.069,-2.768,-16,8,9
572.224,-0.195,0.069,-2.742,-16,8,8
572.275,-0.154,0.083,-2.778,-16,9,8
572.326,-0.154,0.083,-2.771,-16,8,8
572.377,-0.154,0.083,-2.771,-16,8,8
572.428,-0.113,0.098,-2.762,-16,8,8
572.479,-0.113,0.098,-2.778,-16,8,8
572.530,-0.113,0.098,-2.772,-16,8,8
572.581,-0.074,0.116,-2.794,-16,8,8
572.632,-0.074,0.116,-2.794,-16,8,8
572.683,-0.074,0.116,-2.792,-16,8,9
572.734,-0.034,0.134,-2.797,-16,9,8
572.785,-0.034,0.134,-2.789,-16,8,8
572.836,-0.034,0.134,-2.789,-16,8,8
572.887,0.005,0.151,-2.795,-16,8,8
572.938,0.005,0.151,-2.792,-16,8,9
572.989,0.046,0.169,-2.801,-16,8,7
573.040,0.046,0.169,-2.789,-16,8,9
573.091,0.046,0.169,-2.789,-16,8,8
573.142,0.089,0.184,-2.791,-16,8,8
573.193,0.089,0.184,-2.778,-16,8,8
573.244,0.089,0.184,-2.777,-16,8,8
573.295,0.132,0.196,-2.777,-17,9,8
573.346,0.132,0.196,-2.778,-16,8,8
573.397,0.132,0.196,-2.782,-16,8,8
573.448,0.174,0.209,-2.784,-16,8,9
573.499,0.174,0.209,-2.782,-15,8,7
573.550,0.174,0.209,-2.782,-17,8,9
573.601,0.218,0.219,-2.783,-16,8,8
573.652,0.218,0.219,-2.771,-16,8,8
573.703,0.260,0.230,-2.774,-16,9,8
573.754,0.260,0.230,-2.774,-16,8,8
573.805,0.260,0.230,-2.774,-16,8,8
573.856,0.303,0.242,-2.756,-16,8,9
573.907,0.303,0.242,-2.754,-17,8,8
573.958,0.303,0.242,-2.756,-16,8,8
574.009,0.342,0.253,-2.756,-16,8,8
574.060,0.342,0.253,-2.737,-16,8,8
574.111,0.342,0.253,-2.746,-16,8,8
574.162,0.378,0.264,-2.735,-16,8,8
574.213,0.378,0.264,-2.742,-16,9,8
574.264,0.378,0.264,-2.742,-16,8,8
574.366,0.414,0.276,-2.729,-16,8,8
574.417,0.414,0.276,-2.737,-16,8,8
574.468,0.458,0.288,-2.737,-16,-6,12
574.519,0.458,0.288,-2.709,-15,-13,14
574.570,0.505,0.299,-2.701,-6,-12,13
574.621,0.505,0.299,-2.676,0,-13,15
574.672,0.505,0.299,-2.698,1,-13,14
574.723,0.553,0.313,-2.698,-2,-15,14
574.774,0.553,0.313,-2.696,-2,-15,14
574.825,0.553,0.313,-2.692,-1,-15,14
574.876,0.590,0.334,-2.677,0,-14,14
574.927,0.590,0.334,-2.677,0,-15,14
574.978,0.590,0.334,-2.690,0,-15,14
575.029,0.605,0.362,-2.718,0,-14,14
575.080,0.605,0.362,-2.700,0,-15,14
575.131,0.605,0.362,-2.720,0,-15,14
575.182,0.607,0.399,-2.720,0,-14,15
575.233,0.607,0.399,-2.715,0,-15,14
575.284,0.596,0.440,-2.716,0,-14,14
575.335,0.596,0.440,-2.718,0,-15,14
575.386,0.596,0.440,-2.718,1,-14,14
575.437,0.582,0.483,-2.700,0,-15,14
575.488,0.582,0.483,-2.724,0,-15,14
575.539,0.582,0.483,-2.722,0,-14,14
575.590,0.567,0.527,-2.722,0,-15,14
575.641,0.567,0.527,-2.722,0,-14,14
575.692,0.567,0.527,-2.744,0,-15,14
575.743,0.553,0.570,-2.727,0,-14,14
575.794,0.553,0.570,-2.737,0,-15,14
575.845,0.553,0.570,-2.746,0,-14,14
575.896,0.538,0.613,-2.746,0,-14,14
575.947,0.538,0.613,-2.750,0,-15,14
575.998,0.538,0.613,-2.742,0,-14,15
576.049,0.524,0.656,-2.759,0,-15,14
576.100,0.524,0.656,-2.759,0,-14,14
576.151,0.511,0.699,-2.748,0,-14,14
576.202,0.511,0.699,-2.750,0,-14,14
576.253,0.511,0.699,-2.777,0,-15,14
576.304,0.497,0.742,-2.776,0,-14,14
576.355,0.497,0.742,-2.776,0,-14,14
576.406,0.497,0.742,-2.769,0,-14,14
576.457,0.484,0.785,-2.777,0,-15,15
576.508,0.484,0.785,-2.786,0,-14,14
576.559,0.484,0.785,-2.786,0,-14,14
576.610,0.469,0.827,-2.802,0,-14,14
576.661,0.469,0.827,-2.787,0,-15,14
576.712,0.469,0.827,-2.795,0,-14,14
576.763,0.456,0.870,-2.801,0,-14,14
576.814,0.456,0.870,-2.801,9,-15,13
576.865,0.456,0.870,-2.811,13,-14,3
576.916,0.443,0.912,-2.800,14,-14,-7
576.967,0.443,0.912,-2.825,15,-12,-10
577.069,0.429,0.954,-2.790,15,-9,-10
577.120,0.429,0.954,-2.778,15,-9,-11
577.171,0.410,0.989,-2.773,16,-9,-10
577.222,0.410,0.989,-2.765,15,-8,-10
577.273,0.410,0.989,-2.765,16,-9,-10
577.324,0.385,1.010,-2.747,15,-8,-10
577.375,0.385,1.010,-2.747,16,-9,-8
577.426,0.385,1.010,-2.731,15,-7,-10
577.477,0.347,1.018,-2.714,16,-8,-9
577.528,0.347,1.018,-2.714,16,-9,-9
577.579,0.347,1.018,-2.706,15,-8,-8
577.630,0.309,1.010,-2.702,16,-8,-8
577.681,0.309,1.010,-2.698,16,-8,-9
577.732,0.266,0.997,-2.698,15,-8,-8
577.783,0.266,0.997,-2.693,16,-8,-9
577.834,0.266,0.997,-2.694,16,-9,-8
577.886,0.226,0.981,-2.679,16,-8,-8
577.937,0.226,0.981,-2.663,15,-8,-9
577.988,0.226,0.981,-2.663,16,-8,-8
578.039,0.189,0.966,-2.664,16,-12,2
578.091,0.189,0.966,-2.681,16,-14,7
578.142,0.189,0.966,-2.697,16,-13,7
578.193,0.150,0.951,-2.697,16,-15,8
578.244,0.150,0.951,-2.704,16,-14,9
578.295,0.150,0.951,-2.751,16,-15,8
578.346,0.107,0.942,-2.778,16,-16,9
578.399,0.107,0.942,-2.806,2,-14,12
578.450,0.064,0.943,-2.806,2,-15,13
578.501,0.064,0.943,-2.794,5,-15,14
578.552,0.064,0.943,-2.806,1,-15,15
578.603,0.025,0.954,-2.803,0,-14,14
578.654,0.025,0.954,-2.787,0,-15,15
578.705,0.025,0.954,-2.787,0,-14,15
578.808,-0.008,0.980,-2.798,11,-15,10
578.859,-0.008,0.980,-2.780,15,-12,-7
578.910,-0.025,1.014,-2.780,15,-12,-10
578.961,-0.025,1.014,-2.752,14,-9,-8
579.012,-0.025,1.014,-2.736,15,-9,-8
579.063,-0.039,1.051,-2.707,15,-9,-10
579.114,-0.039,1.051,-2.671,15,-8,-10
579.165,-0.039,1.051,-2.671,16,-9,-10
579.216,-0.053,1.081,-2.647,15,-9,-9
579.267,-0.053,1.081,-2.630,16,-8,-10
579.318,-0.077,1.098,-2.621,16,-8,-9
579.369,-0.077,1.098,-2.598,16,-9,-9
579.420,-0.077,1.098,-2.598,15,-8,-9
579.471,-0.110,1.099,-2.590,16,-8,-8
579.522,-0.110,1.099,-2.575,15,-8,-9
579.573,-0.110,1.099,-2.556,16,-8,-8
579.624,-0.151,1.089,-2.556,16,-9,-9
579.675,-0.151,1.089,-2.542,16,-8,-8
579.726,-0.151,1.089,-2.534,15,-8,-8
579.777,-0.196,1.075,-2.525,16,-8,-8
579.828,-0.196,1.075,-2.489,16,-8,-9
579.879,-0.196,1.075,-2.489,16,-9,-8
579.930,-0.240,1.062,-2.485,16,-8,-8
579.981,-0.240,1.062,-2.475,16,-8,-8
580.032,-0.286,1.051,-2.455,16,-8,-9
580.084,-0.286,1.051,-2.455,16,2,-12
580.136,-0.286,1.051,-2.451,16,9,-13
580.187,-0.333,1.039,-2.447,16,8,-14
580.238,-0.333,1.039,-2.481,16,9,-15
580.289,-0.333,1.039,-2.508,16,8,-15
580.340,-0.376,1.024,-2.508,16,10,-16
580.393,-0.376,1.024,-2.538,11,12,-15
580.445,-0.376,1.024,-2.563,8,14,-16
580.497,-0.411,1.002,-2.583,3,13,-16
580.549,-0.411,1.002,-2.579,0,14,-15
580.600,-0.411,1.002,-2.579,0,14,-15
580.651,-0.435,0.971,-2.583,-1,15,-14
580.702,-0.435,0.971,-2.582,0,14,-15
580.753,-0.435,0.971,-2.579,0,15,-14
580.804,-0.446,0.932,-2.579,0,14,-15
580.855,-0.446,0.932,-2.594,0,14,-14
580.906,-0.447,0.889,-2.584,1,15,-14
580.957,-0.447,0.889,-2.581,0,14,-15
581.008,-0.447,0.889,-2.585,0,14,-14
581.059,-0.443,0.845,-2.585,0,15,-15
581.111,-0.443,0.845,-2.597,5,14,-15
581.163,-0.443,0.845,-2.617,13,8,-14
581.214,-0.435,0.802,-2.646,14,6,-16
581.265,-0.435,0.802,-2.651,15,6,-15
581.316,-0.435,0.802,-2.651,15,6,-16
581.367,-0.427,0.758,-2.668,16,6,-15
581.418,-0.427,0.758,-2.680,15,7,-16
581.469,-0.427,0.758,-2.701,16,6,-15
581.521,-0.428,0.717,-2.701,3,11,-16
581.572,-0.428,0.717,-2.721,0,13,-15
581.623,-0.439,0.678,-2.723,4,13,-15
581.674,-0.439,0.678,-2.733,1,13,-15
581.725,-0.439,0.678,-2.718,0,14,-14
581.776,-0.457,0.639,-2.718,-2,14,-15
581.827,-0.457,0.639,-2.736,0,14,-14
581.878,-0.457,0.639,-2.716,1,15,-15
581.929,-0.475,0.600,-2.723,0,14,-14
581.980,-0.475,0.600,-2.723,0,14,-15
582.031,-0.475,0.600,-2.726,0,14,-15
582.082,-0.486,0.558,-2.749,0,14,-14
582.133,-0.486,0.558,-2.738,0,14,-15
582.184,-0.486,0.558,-2.726,0,14,-14
582.235,-0.489,0.515,-2.726,0,14,-15
582.287,-0.489,0.515,-2.736,-9,15,-13
582.338,-0.489,0.472,-2.731,-13,14,-8
582.389,-0.489,0.472,-2.726,-14,15,-5
582.440,-0.489,0.472,-2.723,-15,15,-5
582.491,-0.487,0.429,-2.723,-16,15,-6
582.542,-0.487,0.429,-2.720,-15,15,-6
582.593,-0.487,0.429,-2.715,-15,15,-6
582.644,-0.477,0.390,-2.675,-16,15,-6
582.695,-0.477,0.390,-2.675,-16,16,-6
582.746,-0.477,0.390,-2.693,-15,15,-6
582.797,-0.458,0.354,-2.678,-16,15,-6
582.848,-0.458,0.354,-2.688,-15,15,-6
582.899,-0.458,0.354,-2.674,-16,16,-6
582.950,-0.428,0.321,-2.674,-15,15,-5
583.001,-0.428,0.321,-2.686,-16,15,-7
583.052,-0.428,0.321,-2.674,-16,16,-6
583.103,-0.386,0.292,-2.662,-15,16,-6
583.154,-0.386,0.292,-2.662,-16,15,-5
583.205,-0.345,0.264,-2.668,-16,16,-7
583.256,-0.345,0.264,-2.655,-16,15,-5
583.307,-0.345,0.264,-2.645,-15,16,-6
583.358,-0.303,0.237,-2.626,-16,15,-7
583.409,-0.303,0.237,-2.626,-16,16,-5
583.460,-0.303,0.237,-2.628,-15,15,-6
583.511,-0.259,0.212,-2.640,-16,16,-6
583.562,-0.259,0.212,-2.612,-16,16,-6
583.613,-0.259,0.212,-2.611,-16,15,-6
583.664,-0.217,0.189,-2.601,-16,16,-6
583.715,-0.217,0.189,-2.592,-15,15,8
583.766,-0.217,0.189,-2.587,-15,14,11
583.817,-0.173,0.169,-2.618,-4,3,1
583.868,-0.173,0.169,-2.618,-4,2,0
583.919,-0.127,0.155,-2.601,10,6,-10
583.970,-0.127,0.155,-2.658,13,10,-14
584.021,-0.127,0.155,-2.724,14,8,-14
584.072,-0.087,0.148,-2.772,14,8,-14
584.174,-0.087,0.148,-2.797,7,11,-16
584.225,-0.059,0.144,-2.802,6,12,-15
584.276,-0.059,0.144,-2.820,7,12,-16
584.327,-0.059,0.144,-2.820,-1,-1,-1
584.378,-0.044,0.133,-2.820,-1,0,0
584.429,-0.044,0.133,-2.794,0,2,-4
584.480,-0.044,0.133,-2.799,1,-1,0
584.531,-0.043,0.113,-2.783,0,-1,-1
584.583,-0.043,0.113,-2.783,8,-10,6
584.634,-0.043,0.113,-2.822,14,-15,9
584.686,-0.047,0.086,-2.881,1,-1,1
584.737,-0.047,0.086,-2.853,0,2,-4
584.788,-0.051,0.063,-2.859,2,-5,0
584.839,-0.051,0.063,-2.850,-2,-1,1
584.890,-0.051,0.063,-2.840,0,1,0
584.941,-0.056,0.051,-2.850,2,1,0
584.992,-0.056,0.051,-2.845,0,-1,0
585.043,-0.056,0.051,-2.845,-1,-1,-1
585.094,-0.062,0.050,-2.844,0,1,0
585.145,-0.062,0.050,-2.840,1,0,0
585.196,-0.062,0.050,-2.840,0,0,0
585.247,-0.068,0.052,-2.836,0,0,0
585.298,-0.068,0.052,-2.836,0,0,0
585.349,-0.068,0.052,-2.846,0,0,0
585.451,-0.073,0.053,-2.881,9,9,9
585.502,-0.075,0.053,-2.881,14,13,14
585.553,-0.075,0.053,-3.005,14,14,14
585.604,-0.075,0.053,-3.143,-1,-1,-1
585.655,-0.074,0.056,-3.113,-1,-4,-1
585.706,-0.074,0.056,-3.124,1,2,1
585.757,-0.074,0.056,-3.124,-2,-1,-1
585.808,-0.069,0.060,-3.109,0,-1,-1
585.859,-0.069,0.060,-3.113,0,0,0
585.910,-0.069,0.060,-3.120,1,0,1
585.961,-0.063,0.063,-3.120,0,1,0
586.012,-0.063,0.063,-3.116,0,0,0
586.063,-0.063,0.063,-3.120,0,0,0
586.114,-0.057,0.066,-3.121,0,0,0
586.165,-0.057,0.066,-3.112,0,0,0
586.216,-0.057,0.066,-3.112,0,0,0
586.267,-0.053,0.068,-3.121,0,0,0
586.318,-0.053,0.068,-3.123,0,0,0
586.369,-0.053,0.067,-3.109,-1,0,-1
586.420,-0.053,0.067,-3.109,0,0,0
586.471,-0.053,0.067,-3.109,0,-1,0
586.522,-0.053,0.068,-3.124,0,0,0
586.573,-0.053,0.068,-3.127,0,0,0
586.624,-0.053,0.068,-3.131,0,0,0
586.675,-0.054,0.068,-3.131,0,0,0
586.726,-0.054,0.068,-3.109,0,0,0
586.777,-0.054,0.068,-3.119,0,0,0
586.828,-0.052,0.068,-3.126,0,0,0
586.879,-0.052,0.068,-3.109,0,0,0
586.930,-0.052,0.068,-3.109,0,0,0
586.981,-0.052,0.068,-3.120,0,0,0
587.032,-0.052,0.068,-3.130,0,0,0
587.083,-0.052,0.068,-3.117,0,0,0
587.134,-0.052,0.068,-3.117,0,0,0
587.185,-0.052,0.068,-3.109,0,0,0
587.236,-0.052,0.068,-3.112,0,0,0
587.287,-0.052,0.068,-3.119,0,0,0
587.338,-0.052,0.068,-3.106,0,0,0
587.389,-0.052,0.068,-3.106,0,0,0
587.440,-0.052,0.068,-3.123,0,0,0
587.491,-0.052,0.068,-3.113,0,0,0
587.542,-0.052,0.068,-3.127,0,0,0
587.593,-0.052,0.068,-3.127,0,0,0
587.644,-0.052,0.068,-3.119,0,0,0
587.695,-0.052,0.068,-3.131,0,0,0
587.746,-0.052,0.068,-3.109,0,0,0
587.797,-0.052,0.068,-3.105,0,0,0
587.848,-0.051,0.068,-3.105,0,0,0
587.899,-0.051,0.068,-3.113,0,0,0
587.950,-0.051,0.067,-3.116,0,0,0
588.001,-0.051,0.067,-3.123,0,0,0
588.052,-0.051,0.067,-3.123,0,0,0
588.103,-0.051,0.068,-3.128,0,0,0
588.154,-0.051,0.068,-3.127,0,0,0
588.205,-0.051,0.068,-3.111,0,0,0
588.256,-0.051,0.069,-3.117,0,0,0
588.307,-0.051,0.069,-3.117,0,0,0
588.358,-0.051,0.069,-3.116,0,0,0
588.409,-0.051,0.069,-3.116,0,0,0
588.460,-0.051,0.069,-3.116,0,0,0
588.511,-0.051,0.069,-3.113,0,0,0
588.562,-0.051,0.069,-3.113,0,0,0
588.613,-0.051,0.069,-3.106,0,0,0
588.664,-0.051,0.069,-3.116,0,0,0
588.715,-0.052,0.069,-3.127,0,0,0
588.766,-0.052,0.069,-3.127,0,0,0
588.817,-0.052,0.069,-3.124,0,0,0
588.868,-0.052,0.069,-3.123,0,0,0
588.919,-0.052,0.069,-3.120,0,0,0
588.970,-0.053,0.068,-3.120,0,0,0
589.021,-0.053,0.068,-3.120,0,0,0
589.072,-0.053,0.068,-3.113,0,0,0
589.123,-0.052,0.069,-3.130,0,0,0
589.174,-0.052,0.069,-3.120,0,0,0
589.225,-0.052,0.069,-3.120,0,1,0
589.276,-0.052,0.069,-3.124,0,0,0
589.327,-0.052,0.069,-3.110,0,0,0
589.378,-0.052,0.069,-3.106,0,0,0
589.429,-0.052,0.069,-3.109,0,0,0
589.480,-0.052,0.069,-3.109,1,0,0
589.531,-0.052,0.069,-3.137,0,0,0
589.582,-0.052,0.069,-3.120,0,0,0
589.633,-0.052,0.069,-3.127,0,0,0
589.684,-0.052,0.068,-3.127,0,0,0
589.735,-0.052,0.068,-3.116,0,0,0
589.786,-0.052,0.068,-3.120,0,0,0
589.837,-0.052,0.068,-3.108,0,0,0
589.888,-0.052,0.068,-3.123,0,0,0
589.939,-0.052,0.068,-3.123,0,0,0
589.990,-0.052,0.068,-3.116,0,0,0
590.041,-0.052,0.068,-3.120,0,0,0
590.092,-0.052,0.068,-3.126,0,0,0
590.143,-0.052,0.068,-3.130,0,0,0
590.194,-0.052,0.068,-3.130,0,0,0
590.245,-0.052,0.068,-3.113,0,0,0
590.296,-0.052,0.069,-3.120,0,0,0
590.347,-0.052,0.069,-3.124,0,0,0
590.398,-0.052,0.069,-3.124,0,0,0
590.449,-0.052,0.069,-3.123,0,0,0
590.500,-0.052,0.069,-3.109,0,0,0
590.551,-0.052,0.068,-3.122,0,0,0
590.602,-0.052,0.068,-3.109,0,0,0
590.653,-0.052,0.068,-3.109,0,0,0
590.704,-0.052,0.068,-3.120,0,0,0
590.755,-0.052,0.068,-3.121,0,0,0
590.806,-0.052,0.068,-3.109,0,0,0
590.857,-0.052,0.068,-3.109,0,0,0
590.908,-0.052,0.068,-3.123,0,0,0
590.959,-0.052,0.068,-3.095,0,0,0
591.010,-0.052,0.068,-3.112,0,0,0
591.061,-0.052,0.068,-3.120,0,0,0
591.112,-0.052,0.068,-3.120,0,0,0
591.163,-0.052,0.068,-3.105,0,0,0
591.214,-0.052,0.068,-3.112,0,0,0
591.265,-0.052,0.068,-3.116,0,0,0
591.316,-0.052,0.068,-3.116,0,0,0
591.367,-0.052,0.068,-3.123,0,0,0
591.418,-0.052,0.069,-3.120,0,0,0
591.469,-0.052,0.069,-3.124,0,0,0
591.520,-0.052,0.069,-3.123,0,0,0
591.571,-0.052,0.068,-3.123,0,0,0
591.622,-0.052,0.068,-3.119,0,0,0
591.673,-0.052,0.068,-3.113,0,0,0
591.724,-0.052,0.069,-3.106,0,0,0
591.775,-0.052,0.069,-3.126,0,0,1
591.826,-0.052,0.069,-3.126,0,0,0
591.877,-0.052,0.069,-3.123,0,0,0
591.928,-0.052,0.069,-3.124,0,0,0
591.979,-0.052,0.068,-3.116,0,0,0
592.030,-0.052,0.068,-3.116,0,0,0
592.081,-0.052,0.068,-3.130,0,0,0
592.132,-0.051,0.069,-3.130,0,0,0
592.183,-0.051,0.069,-3.117,0,0,0
592.234,-0.051,0.069,-3.109,0,0,0
592.285,-0.051,0.069,-3.109,0,0,0
592.336,-0.051,0.069,-3.127,0,0,0
592.387,-0.051,0.069,-3.127,0,0,0
592.438,-0.051,0.069,-3.102,0,0,0
592.489,-0.051,0.069,-3.102,0,0,0
592.540,-0.051,0.069,-3.124,0,0,0
592.591,-0.051,0.069,-3.116,0,0,0
592.642,-0.051,0.069,-3.112,0,0,0
592.693,-0.051,0.069,-3.120,0,0,0
592.744,-0.051,0.069,-3.120,0,0,0
592.795,-0.051,0.069,-3.119,0,0,0
592.846,-0.051,0.069,-3.116,0,0,0
592.897,-0.051,0.069,-3.112,0,0,0
592.948,-0.051,0.069,-3.112,0,0,0
592.999,-0.051,0.069,-3.113,0,0,0
593.050,-0.051,0.069,-3.127,0,0,0
593.101,-0.051,0.069,-3.120,0,0,0
593.152,-0.051,0.069,-3.116,0,0,0
593.203,-0.051,0.069,-3.116,0,0,0
593.254,-0.051,0.069,-3.123,0,0,0
593.305,-0.052,0.069,-3.116,0,0,0
593.356,-0.052,0.069,-3.127,0,0,0
593.407,-0.052,0.069,-3.120,0,0,0
593.458,-0.052,0.069,-3.120,0,0,0
593.509,-0.052,0.069,-3.119,0,0,0
593.560,-0.052,0.069,-3.119,0,0,0
593.611,-0.053,0.068,-3.113,0,0,0
593.662,-0.053,0.068,-3.113,0,0,0
593.713,-0.052,0.069,-3.109,0,0,0
593.764,-0.052,0.069,-3.124,0,0,0
593.815,-0.052,0.069,-3.124,0,0,0
593.866,-0.052,0.069,-3.117,0,0,0
593.917,-0.052,0.069,-3.117,0,0,0
593.968,-0.052,0.069,-3.124,0,0,0
594.019,-0.052,0.069,-3.123,0,0,0
594.070,-0.052,0.069,-3.137,0,0,0
594.121,-0.052,0.069,-3.137,0,0,0
594.172,-0.052,0.069,-3.126,0,0,0
594.223,-0.052,0.069,-3.108,0,0,0
594.274,-0.052,0.069,-3.109,0,0,0
594.325,-0.052,0.069,-3.112,0,0,0
594.376,-0.052,0.069,-3.112,0,0,0
594.427,-0.051,0.069,-3.120,0,0,0
594.478,-0.051,0.069,-3.119,0,0,0
594.529,-0.051,0.069,-3.125,0,0,0
594.580,-0.051,0.069,-3.125,0,0,0
594.631,-0.051,0.069,-3.124,0,0,0
594.682,-0.051,0.069,-3.123,0,0,0
594.733,-0.051,0.069,-3.124,0,0,0
594.784,-0.051,0.069,-3.130,0,0,0
594.835,-0.051,0.069,-3.130,0,0,0
594.886,-0.051,0.069,-3.119,0,0,0
594.937,-0.051,0.069,-3.127,0,0,0
594.988,-0.051,0.069,-3.119,0,0,0
595.039,-0.051,0.069,-3.115,0,0,0
595.090,-0.051,0.069,-3.115,0,0,0
595.141,-0.051,0.069,-3.120,0,0,0
595.192,-0.051,0.069,-3.119,0,0,0
595.243,-0.051,0.069,-3.120,0,0,0
595.294,-0.051,0.068,-3.120,0,0,0
595.345,-0.051,0.068,-3.116,0,0,0
595.396,-0.051,0.068,-3.120,0,0,0
595.447,-0.051,0.068,-3.123,0,0,0
595.498,-0.051,0.068,-3.113,0,0,0
595.549,-0.051,0.068,-3.113,0,0,0
595.600,-0.051,0.069,-3.113,0,0,0
595.651,-0.051,0.069,-3.126,0,0,0
595.702,-0.051,0.069,-3.120,0,0,0
595.753,-0.051,0.069,-3.120,0,0,0
595.804,-0.051,0.069,-3.127,0,0,0
595.855,-0.051,0.069,-3.131,0,0,0
595.906,-0.050,0.070,-3.124,0,0,0
595.957,-0.050,0.070,-3.130,0,0,0
596.008,-0.050,0.069,-3.130,0,0,0
596.059,-0.050,0.069,-3.126,0,0,0
596.110,-0.050,0.069,-3.116,0,0,0
596.161,-0.050,0.069,-3.130,0,0,0
596.212,-0.050,0.069,-3.130,0,0,0
596.263,-0.050,0.069,-3.120,0,0,0
596.314,-0.051,0.068,-3.109,0,0,0
596.365,-0.051,0.068,-3.117,0,0,0
596.416,-0.051,0.068,-3.120,0,0,0
596.467,-0.051,0.069,-3.120,0,0,0
596.518,-0.051,0.069,-3.119,0,0,0
596.569,-0.051,0.069,-3.113,0,0,0
596.620,-0.051,0.068,-3.124,0,0,0
596.671,-0.051,0.068,-3.120,0,0,0
596.722,-0.051,0.068,-3.120,0,0,0
596.773,-0.051,0.068,-3.130,0,0,0
596.824,-0.051,0.068,-3.109,0,0,0
596.875,-0.051,0.068,-3.124,0,0,0
596.926,-0.051,0.068,-3.124,0,0,0
596.977,-0.051,0.068,-3.124,0,0,0
597.028,-0.051,0.068,-3.124,0,0,0
597.079,-0.051,0.068,-3.119,0,0,0
597.130,-0.051,0.068,-3.124,0,0,0
597.181,-0.051,0.068,-3.124,0,0,0
597.232,-0.051,0.068,-3.120,0,0,0
597.283,-0.051,0.068,-3.121,0,0,0
597.334,-0.051,0.068,-3.120,0,0,0
597.385,-0.051,0.068,-3.120,0,0,0
597.436,-0.051,0.068,-3.120,0,0,0
597.487,-0.051,0.068,-3.117,0,0,0
597.538,-0.051,0.068,-3.113,0,0,0
597.589,-0.051,0.068,-3.113,0,0,0
597.640,-0.052,0.069,-3.113,0,0,0
597.691,-0.052,0.069,-3.117,0,0,0
597.742,-0.053,0.068,-3.116,0,0,0
597.793,-0.053,0.068,-3.120,0,0,0
597.844,-0.053,0.068,-3.120,0,0,0
597.895,-0.053,0.069,-3.120,0,0,0
597.946,-0.053,0.069,-3.120,0,0,0
597.997,-0.053,0.069,-3.121,0,0,0
598.048,-0.053,0.068,-3.120,0,0,0
598.099,-0.053,0.068,-3.120,0,0,0
598.150,-0.053,0.068,-3.123,0,0,0
