238.255,-0.880,1.458,10.558,0.000,0,0,0
238.316,-0.880,1.458,10.558,0.000,0,0,0
238.367,-0.880,1.459,10.558,0.000,0,0,0
238.418,-0.880,1.459,10.558,0.000,0,0,0
238.469,-0.880,1.459,10.558,0.000,0,0,0
238.520,-0.880,1.459,10.570,0.000,0,0,0
238.571,-0.880,1.459,10.559,0.000,0,0,0
238.622,-0.880,1.459,10.570,0.000,0,0,0
238.673,-0.880,1.459,10.570,0.000,0,0,0
238.724,-0.880,1.459,10.555,0.000,0,0,0
238.775,-0.880,1.459,10.563,0.000,0,0,0
238.826,-0.880,1.459,10.577,0.000,0,0,0
238.877,-0.880,1.459,10.566,0.000,0,0,0
238.928,-0.880,1.459,10.566,0.000,0,0,0
238.979,-0.880,1.459,10.574,0.000,0,0,0
239.030,-0.880,1.459,10.573,0.000,0,0,0
239.081,-0.880,1.459,10.568,0.000,0,0,0
239.132,-0.880,1.459,10.568,0.000,0,0,0
239.183,-0.880,1.459,10.557,0.000,0,0,0
239.234,-0.880,1.459,10.564,0.000,0,0,0
239.285,-0.880,1.458,10.565,0.000,0,0,0
239.336,-0.880,1.458,10.551,0.000,0,0,0
239.387,-0.879,1.458,10.551,0.000,0,0,0
239.438,-0.879,1.458,10.557,0.000,0,0,0
239.489,-0.879,1.458,10.552,0.000,0,0,0
239.540,-0.880,1.458,10.569,0.000,0,0,0
239.591,-0.880,1.458,10.569,0.000,0,0,0
239.643,-0.880,1.458,10.575,0.000,-10,7,6
239.694,-0.879,1.458,10.543,0.000,-15,9,11
239.745,-0.879,1.458,10.489,0.000,-14,9,11
239.796,-0.879,1.458,10.476,0.000,-14,9,10
239.847,-0.879,1.458,10.476,0.000,-15,10,10
239.898,-0.879,1.458,10.466,0.000,-5,1,1
239.949,-0.877,1.465,10.497,0.000,2,-2,-2
240.000,-0.877,1.465,10.504,0.000,-3,1,2
240.051,-0.867,1.478,10.511,0.000,-1,-1,-1
240.102,-0.867,1.478,10.511,0.000,1,0,0
240.153,-0.867,1.478,10.508,0.000,0,0,1
240.204,-0.856,1.492,10.513,0.000,-2,0,0
240.255,-0.856,1.492,10.513,0.000,0,0,0
240.306,-0.844,1.506,10.513,0.000,0,0,0
240.357,-0.844,1.506,10.510,0.000,0,1,0
240.408,-0.844,1.506,10.506,0.000,1,0,0
240.459,-0.834,1.515,10.506,0.000,0,0,0
240.510,-0.834,1.515,10.507,0.000,0,0,0
240.561,-0.834,1.515,10.507,0.000,0,0,0
240.612,-0.832,1.516,10.509,0.000,0,0,0
240.663,-0.832,1.516,10.505,0.000,0,0,-1
240.714,-0.830,1.516,10.517,0.000,0,0,0
240.765,-0.830,1.516,10.517,0.000,0,0,0
240.816,-0.830,1.516,10.516,0.000,0,0,0
240.867,-0.830,1.517,10.512,0.000,0,0,0
240.918,-0.830,1.517,10.508,0.000,0,0,0
240.969,-0.829,1.516,10.517,0.000,0,0,0
241.020,-0.829,1.516,10.517,0.000,0,0,0
241.071,-0.829,1.516,10.516,0.000,0,0,0
241.122,-0.829,1.515,10.507,0.000,0,0,0
241.173,-0.829,1.515,10.503,0.000,0,0,0
241.224,-0.829,1.515,10.503,0.000,0,0,0
241.275,-0.830,1.516,10.515,0.000,0,0,0
241.326,-0.830,1.516,10.512,0.000,0,0,0
241.377,-0.829,1.514,10.515,0.000,0,0,0
241.428,-0.829,1.514,10.509,0.000,0,0,0
241.479,-0.829,1.514,10.509,0.000,0,0,0
241.530,-0.828,1.514,10.510,0.000,0,0,0
241.581,-0.828,1.514,10.513,0.000,0,0,0
241.632,-0.828,1.514,10.509,0.000,0,0,0
241.683,-0.828,1.514,10.509,0.000,0,0,0
241.734,-0.828,1.514,10.509,0.000,0,0,0
241.785,-0.828,1.515,10.511,0.000,0,-1,0
241.836,-0.828,1.515,10.505,0.000,0,0,0
241.887,-0.828,1.515,10.513,0.000,-1,0,0
241.938,-0.828,1.515,10.513,0.000,0,0,0
241.989,-0.828,1.515,10.523,0.000,0,0,0
242.040,-0.828,1.516,10.515,0.000,-1,0,0
242.091,-0.828,1.516,10.519,0.000,0,0,0
242.142,-0.828,1.516,10.501,0.000,0,0,0
242.193,-0.828,1.516,10.501,0.000,0,0,0
242.244,-0.828,1.516,10.518,0.000,0,0,0
242.295,-0.827,1.515,10.522,0.000,0,0,0
242.346,-0.827,1.515,10.518,0.000,0,0,0
242.397,-0.827,1.515,10.518,0.000,0,0,0
242.448,-0.828,1.515,10.505,0.000,0,0,0
242.499,-0.828,1.515,10.494,0.000,0,0,0
242.550,-0.828,1.515,10.524,0.000,0,0,0
242.601,-0.828,1.515,10.511,0.000,0,0,0
242.652,-0.828,1.515,10.511,0.000,0,0,0
242.703,-0.828,1.514,10.516,0.000,0,0,0
242.754,-0.828,1.514,10.527,0.000,0,0,0
242.805,-0.828,1.514,10.501,0.000,0,0,0
242.856,-0.826,1.514,10.501,0.000,0,0,0
242.907,-0.826,1.514,10.519,0.000,0,0,0
242.958,-0.826,1.513,10.510,0.000,0,0,0
243.009,-0.826,1.513,10.513,0.000,0,0,0
243.060,-0.826,1.513,10.515,0.000,0,0,0
243.111,-0.826,1.514,10.515,0.000,0,0,0
243.162,-0.826,1.514,10.514,0.000,0,0,0
243.213,-0.827,1.514,10.510,0.000,0,0,0
243.264,-0.827,1.514,10.502,0.000,0,0,0
243.315,-0.827,1.514,10.509,0.000,0,0,0
243.366,-0.828,1.514,10.509,0.000,0,0,0
243.417,-0.828,1.514,10.502,0.000,0,0,1
243.468,-0.828,1.514,10.512,0.000,0,0,0
243.519,-0.828,1.514,10.518,0.000,0,0,0
243.570,-0.828,1.514,10.518,0.000,0,0,0
243.621,-0.828,1.514,10.518,0.000,0,0,0
243.672,-0.828,1.514,10.517,0.000,0,0,0
243.723,-0.828,1.514,10.522,0.000,0,0,0
243.774,-0.828,1.516,10.523,0.000,0,0,0
243.825,-0.828,1.516,10.523,0.000,0,0,0
243.876,-0.827,1.516,10.520,0.000,0,0,0
243.927,-0.827,1.516,10.511,0.000,0,0,0
243.978,-0.827,1.516,10.517,0.000,0,0,0
244.029,-0.827,1.517,10.517,0.000,0,0,0
244.080,-0.827,1.517,10.505,0.000,0,0,0
244.131,-0.827,1.517,10.515,0.000,0,0,0
244.182,-0.827,1.516,10.509,0.000,0,0,0
244.233,-0.827,1.516,10.502,0.000,0,0,0
244.284,-0.826,1.515,10.502,0.000,0,0,0
244.335,-0.826,1.515,10.506,0.000,0,0,0
244.386,-0.826,1.515,10.520,0.000,1,0,0
244.437,-0.825,1.514,10.522,0.000,0,0,0
244.488,-0.825,1.514,10.522,0.000,0,0,0
244.539,-0.825,1.514,10.520,0.000,0,0,0
244.590,-0.825,1.514,10.507,0.000,0,0,0
244.641,-0.825,1.514,10.519,0.000,0,0,0
244.692,-0.826,1.514,10.519,0.000,0,0,0
244.743,-0.826,1.514,10.519,0.000,0,0,0
244.794,-0.827,1.516,10.514,0.000,0,0,0
244.845,-0.827,1.516,10.519,0.000,0,0,0
244.896,-0.827,1.516,10.513,0.000,0,0,0
244.947,-0.828,1.516,10.512,0.000,0,0,0
244.998,-0.828,1.516,10.512,0.000,0,0,0
245.049,-0.828,1.516,10.517,0.000,0,0,0
245.100,-0.830,1.516,10.517,0.000,0,0,0
245.151,-0.830,1.516,10.511,0.000,0,0,0
245.202,-0.830,1.516,10.511,0.000,0,0,0
245.253,-0.830,1.516,10.517,0.000,0,0,0
245.304,-0.830,1.516,10.518,0.000,0,0,0
245.355,-0.829,1.516,10.511,0.000,0,0,0
245.406,-0.829,1.516,10.514,0.000,0,0,0
245.457,-0.829,1.516,10.514,0.000,0,0,0
245.508,-0.829,1.516,10.519,0.000,0,0,0
245.559,-0.829,1.516,10.510,0.000,0,0,0
245.610,-0.829,1.516,10.524,0.000,0,0,0
245.661,-0.829,1.516,10.524,0.000,0,0,0
245.712,-0.829,1.516,10.521,0.000,0,0,0
245.763,-0.828,1.516,10.505,0.000,0,0,0
245.814,-0.828,1.516,10.508,0.000,0,0,0
245.865,-0.828,1.516,10.521,0.000,0,0,0
245.916,-0.828,1.516,10.521,0.000,0,0,0
245.967,-0.828,1.516,10.513,0.000,0,0,0
246.018,-0.827,1.516,10.516,0.000,0,0,0
246.069,-0.827,1.516,10.515,0.000,0,0,0
246.120,-0.827,1.516,10.515,0.000,0,0,0
246.171,-0.827,1.516,10.502,0.000,0,0,0
246.222,-0.827,1.516,10.504,0.000,0,0,0
246.273,-0.826,1.516,10.509,0.000,0,0,0
246.324,-0.826,1.516,10.515,0.000,0,0,0
246.375,-0.827,1.516,10.515,0.000,0,0,0
246.426,-0.827,1.516,10.493,0.000,0,0,0
246.477,-0.827,1.516,10.504,0.000,0,0,0
246.528,-0.828,1.517,10.511,0.000,0,0,0
246.579,-0.828,1.517,10.511,0.000,0,0,0
246.630,-0.828,1.517,10.524,0.000,0,0,0
246.681,-0.828,1.517,10.519,0.000,0,0,0
246.732,-0.828,1.517,10.519,0.000,0,0,0
246.783,-0.828,1.517,10.516,0.000,0,0,0
246.834,-0.828,1.517,10.516,0.000,0,0,0
246.885,-0.828,1.517,10.512,0.000,0,0,0
246.936,-0.828,1.518,10.505,0.000,0,0,0
246.987,-0.828,1.518,10.511,0.000,0,0,0
247.038,-0.829,1.518,10.508,0.000,0,0,0
247.089,-0.829,1.518,10.508,0.000,0,0,0
247.140,-0.829,1.518,10.512,0.000,0,0,0
247.191,-0.829,1.517,10.511,0.000,0,0,0
247.242,-0.829,1.517,10.516,0.000,0,0,0
247.293,-0.829,1.517,10.516,0.000,0,0,0
247.344,-0.829,1.518,10.512,0.000,0,0,0
247.395,-0.829,1.518,10.521,0.000,0,0,0
247.446,-0.829,1.517,10.509,0.000,0,0,0
247.497,-0.829,1.517,10.507,0.000,0,0,0
247.548,-0.829,1.517,10.507,0.000,0,0,0
247.599,-0.829,1.516,10.516,0.000,0,0,0
247.650,-0.829,1.516,10.510,0.000,0,0,0
247.701,-0.829,1.516,10.521,0.000,0,0,0
247.752,-0.829,1.516,10.521,0.000,0,0,0
247.803,-0.829,1.516,10.516,0.000,0,0,0
247.854,-0.829,1.516,10.509,0.000,0,0,0
247.905,-0.829,1.516,10.506,0.000,0,0,0
247.956,-0.830,1.518,10.515,0.000,0,0,0
248.007,-0.830,1.518,10.515,0.000,0,0,0
248.058,-0.830,1.518,10.521,0.000,0,0,0
248.109,-0.831,1.519,10.519,0.000,0,0,0
248.160,-0.831,1.519,10.514,0.000,0,0,0
248.211,-0.831,1.519,10.514,0.000,0,0,0
248.262,-0.832,1.520,10.510,0.000,0,0,0
248.313,-0.832,1.520,10.522,0.000,0,0,0
248.365,-0.835,1.523,10.515,0.000,-4,3,2
248.417,-0.835,1.523,10.484,0.000,-12,7,7
248.468,-0.835,1.523,10.484,0.000,-14,10,11
248.519,-0.835,1.524,10.440,0.000,-14,9,9
248.570,-0.835,1.524,10.436,0.000,-14,10,9
248.621,-0.834,1.529,10.435,0.000,-16,10,10
248.672,-0.834,1.529,10.404,0.000,-15,9,9
248.723,-0.834,1.529,10.404,0.000,-15,9,9
248.774,-0.824,1.541,10.396,0.000,-16,9,9
248.825,-0.824,1.541,10.408,0.000,-15,10,9
248.876,-0.805,1.552,10.397,0.000,-15,8,9
248.927,-0.805,1.552,10.397,0.000,-16,9,9
248.978,-0.805,1.552,10.393,0.000,-15,9,8
249.029,-0.777,1.568,10.392,0.000,-16,8,9
249.080,-0.777,1.568,10.375,0.000,-15,9,8
249.131,-0.777,1.568,10.368,0.000,-15,9,8
249.182,-0.746,1.582,10.368,0.000,-16,8,8
249.233,-0.746,1.582,10.359,0.000,-15,8,9
249.284,-0.707,1.598,10.376,0.000,-16,9,8
249.335,-0.707,1.598,10.346,0.000,-16,8,8
249.386,-0.707,1.598,10.346,0.000,-15,8,9
249.437,-0.670,1.619,10.356,0.000,-16,8,7
249.488,-0.670,1.619,10.342,0.000,-15,8,9
249.539,-0.634,1.640,10.334,0.000,-16,9,8
249.590,-0.634,1.640,10.317,0.000,-16,8,8
249.641,-0.634,1.640,10.317,0.000,-15,8,9
249.692,-0.594,1.668,10.309,0.000,-16,8,8
249.743,-0.594,1.668,10.291,0.000,-16,8,8
249.794,-0.594,1.668,10.305,0.000,-15,8,8
249.845,-0.562,1.690,10.269,0.000,-16,9,8
249.896,-0.562,1.690,10.269,0.000,-16,8,8
249.947,-0.531,1.712,10.260,0.000,-16,8,8
249.998,-0.531,1.712,10.251,0.000,-15,8,8
250.049,-0.531,1.712,10.225,0.000,-16,9,8
250.100,-0.491,1.727,10.225,0.000,-16,8,9
250.151,-0.491,1.727,10.212,0.000,-16,8,8
250.202,-0.454,1.742,10.188,0.000,-16,8,8
250.253,-0.454,1.742,10.192,0.000,-15,8,8
250.304,-0.454,1.742,10.146,0.000,-16,8,8
250.355,-0.419,1.763,10.146,0.000,-16,8,8
250.406,-0.419,1.763,10.126,0.000,-16,8,9
250.457,-0.419,1.763,10.128,0.000,-16,8,8
250.508,-0.383,1.784,10.092,0.000,-16,8,8
250.559,-0.383,1.784,10.092,0.000,-16,9,8
250.610,-0.352,1.809,10.056,0.000,-16,10,3
250.662,-0.352,1.809,10.044,0.000,-16,12,-6
250.713,-0.352,1.809,10.073,0.000,-16,13,-8
250.764,-0.317,1.828,10.086,0.000,-16,14,-9
250.815,-0.317,1.828,10.086,0.000,-16,15,-8
250.866,-0.276,1.833,10.115,0.000,-16,15,-9
250.917,-0.276,1.833,10.102,0.000,-15,14,-8
250.968,-0.276,1.833,10.121,0.000,-16,15,-7
251.019,-0.234,1.827,10.121,0.000,-16,15,-7
251.070,-0.234,1.827,10.138,0.000,-16,15,-7
251.121,-0.234,1.827,10.152,0.000,-16,15,-7
251.172,-0.234,1.827,10.178,0.000,-16,14,-6
251.223,-0.234,1.827,10.180,0.000,-16,15,-7
251.274,-0.183,1.814,10.180,0.000,-16,15,-7
251.325,-0.183,1.814,10.178,0.000,-16,15,-5
251.376,-0.183,1.814,10.206,0.000,-16,16,-7
251.428,-0.183,1.814,10.215,0.000,-16,15,-8
251.480,-0.183,1.814,10.241,0.000,-12,15,-11
251.531,-0.117,1.790,10.241,0.000,-6,15,-12
251.582,-0.117,1.790,10.237,0.000,-3,15,-13
251.633,-0.117,1.790,10.241,0.000,-3,15,-14
251.684,-0.055,1.772,10.246,0.000,-1,15,-14
251.735,-0.055,1.772,10.246,0.000,-1,14,-13
251.786,0.008,1.754,10.255,0.000,-2,15,-14
251.837,0.008,1.754,10.255,0.000,-1,15,-14
251.888,0.008,1.754,10.263,0.000,-1,15,-14
251.939,0.059,1.735,10.251,0.000,-1,14,-14
251.990,0.059,1.735,10.251,0.000,0,15,-14
252.041,0.059,1.735,10.259,0.000,0,14,-14
252.092,0.094,1.716,10.251,0.000,0,15,-14
252.143,0.094,1.716,10.251,0.000,0,14,-13
252.194,0.094,1.716,10.251,0.000,0,15,-14
252.245,0.094,1.716,10.251,0.000,0,14,-14
252.296,0.094,1.716,10.255,0.000,0,15,-14
252.347,0.133,1.681,10.263,0.000,0,14,-14
252.398,0.133,1.681,10.259,0.000,0,14,-14
252.449,0.133,1.681,10.259,0.000,0,15,-14
252.500,0.133,1.681,10.263,0.000,0,14,-14
252.551,0.133,1.681,10.250,0.000,0,15,-14
252.602,0.177,1.637,10.258,0.000,0,14,-14
252.653,0.177,1.637,10.258,0.000,0,14,-14
252.704,0.219,1.595,10.275,0.000,0,15,-14
252.755,0.219,1.595,10.271,0.000,0,14,-14
252.806,0.219,1.595,10.271,0.000,0,14,-14
252.857,0.260,1.551,10.275,0.000,1,15,-14
252.908,0.260,1.551,10.275,0.000,0,14,-14
252.959,0.260,1.551,10.275,0.000,0,14,-14
253.010,0.295,1.521,10.283,0.000,0,15,-13
253.061,0.295,1.521,10.271,0.000,0,14,-15
253.112,0.321,1.496,10.291,0.000,0,14,-14
253.163,0.321,1.496,10.291,0.000,0,14,-14
253.214,0.321,1.496,10.278,0.000,0,14,-14
253.265,0.350,1.468,10.291,0.000,0,15,-14
253.367,0.379,1.443,10.286,0.000,0,14,-14
253.418,0.379,1.443,10.295,0.000,0,14,-14
253.469,0.379,1.443,10.303,0.000,0,14,-14
253.520,0.408,1.415,10.302,0.000,0,15,-14
253.571,0.408,1.415,10.310,0.000,0,14,-14
253.622,0.408,1.415,10.310,0.000,0,14,-14
253.673,0.408,1.415,10.306,0.000,0,14,-15
253.724,0.408,1.415,10.327,0.000,0,15,-14
253.775,0.464,1.361,10.318,0.000,0,14,-14
253.826,0.464,1.361,10.318,0.000,0,14,-14
253.877,0.464,1.361,10.339,0.000,0,14,-14
253.928,0.491,1.334,10.327,0.000,0,14,-14
253.979,0.491,1.334,10.343,0.000,0,15,-14
254.030,0.519,1.307,10.344,0.000,0,14,-14
254.081,0.519,1.307,10.344,0.000,0,14,-14
254.132,0.519,1.307,10.352,0.000,0,14,-14
254.183,0.550,1.282,10.352,0.000,0,14,-15
254.234,0.550,1.282,10.365,0.000,0,14,-14
254.285,0.581,1.256,10.365,0.000,0,15,-14
254.337,0.581,1.256,10.385,0.000,2,14,-15
254.389,0.581,1.256,10.364,0.000,10,12,-14
254.440,0.581,1.256,10.348,0.000,14,10,-15
254.491,0.581,1.256,10.327,0.000,15,7,-15
254.542,0.581,1.256,10.327,0.000,15,8,-15
254.593,0.618,1.222,10.314,0.000,15,6,-15
254.644,0.618,1.222,10.293,0.000,15,6,-15
254.746,0.646,1.184,10.259,0.000,15,6,-15
254.797,0.646,1.184,10.259,0.000,15,6,-15
254.848,0.662,1.139,10.236,0.000,16,6,-16
254.899,0.662,1.139,10.206,0.000,15,6,-15
254.950,0.672,1.092,10.187,0.000,15,6,-15
255.001,0.672,1.092,10.187,0.000,15,6,-16
255.052,0.672,1.092,10.171,0.000,16,6,-15
255.103,0.666,1.049,10.155,0.000,15,6,-16
255.154,0.666,1.049,10.141,0.000,16,6,-15
255.205,0.666,1.049,10.124,0.000,15,6,-16
255.256,0.657,1.008,10.124,0.000,16,6,-15
255.307,0.657,1.008,10.105,0.000,15,6,-16
255.358,0.647,0.967,10.074,0.000,15,6,-15
255.409,0.647,0.967,10.053,0.000,16,6,-16
255.460,0.647,0.967,10.053,0.000,15,5,-15
255.511,0.638,0.929,10.031,0.000,16,6,-16
255.562,0.638,0.929,10.012,0.000,16,7,-16
255.613,0.627,0.889,10.001,0.000,15,6,-15
255.664,0.627,0.889,9.980,0.000,16,5,-16
255.715,0.627,0.889,9.980,0.000,15,6,-16
255.766,0.613,0.854,9.957,0.000,16,6,-16
255.817,0.613,0.854,9.947,0.000,16,6,-15
255.868,0.613,0.854,9.917,0.000,15,6,-16
255.919,0.598,0.820,9.917,0.000,16,6,-16
255.970,0.598,0.820,9.894,0.000,16,6,-16
256.021,0.579,0.781,9.880,0.000,15,6,-15
256.072,0.579,0.781,9.875,0.000,16,6,-16
256.123,0.579,0.781,9.846,0.000,16,6,-16
256.174,0.560,0.742,9.846,0.000,16,6,-16
256.225,0.560,0.742,9.838,0.000,15,6,-16
256.276,0.918,1.147,9.796,0.000,16,6,-16
256.327,0.918,1.147,9.785,0.000,15,6,-16
256.378,0.918,1.147,9.770,0.000,16,6,-16
256.429,0.901,1.106,9.770,0.000,16,6,-16
256.480,0.901,1.106,9.744,0.000,16,6,-15
256.582,0.901,1.106,9.713,0.000,16,6,-16
256.633,0.901,1.106,9.713,0.000,16,6,-16
256.684,0.874,1.056,9.694,0.000,16,6,-16
256.735,0.874,1.056,9.675,0.000,15,6,-16
256.786,0.874,1.056,9.642,0.000,16,5,-16
256.837,0.842,1.012,9.625,0.000,16,6,-16
256.888,0.842,1.012,9.625,0.000,16,6,-16
256.939,0.842,1.012,9.594,0.000,15,6,-16
256.990,0.842,1.012,9.593,0.000,16,6,-16
257.041,0.842,1.012,9.564,0.000,16,6,-16
257.092,0.842,1.012,9.564,0.000,16,6,-16
257.143,0.842,1.012,9.546,0.000,16,6,-15
257.194,0.420,0.507,9.516,0.000,16,5,-16
257.245,0.420,0.507,9.480,0.000,15,7,-16
257.296,0.420,0.507,9.462,0.000,16,6,-17
257.347,0.373,0.461,9.462,0.000,16,5,-16
257.398,0.373,0.461,9.446,0.000,16,6,-16
257.449,0.373,0.461,9.428,0.000,16,6,-16
257.500,0.373,0.461,9.395,0.000,16,6,-16
257.551,0.373,0.461,9.395,0.000,16,6,-16
257.602,0.373,0.461,9.383,0.000,16,6,-16
257.653,0.373,0.461,9.354,0.000,16,7,-16
257.705,0.373,0.461,9.328,0.000,16,7,-17
257.756,0.314,0.404,9.314,0.000,15,8,-16
257.808,0.314,0.404,9.314,0.000,16,8,-16
257.859,0.314,0.404,9.285,0.000,15,9,-16
257.910,0.314,0.404,9.264,0.000,15,9,-16
257.961,0.314,0.404,9.234,0.000,15,9,-17
258.012,0.248,0.345,9.212,0.000,14,9,-16
258.063,0.248,0.345,9.212,0.000,15,8,-16
258.114,0.193,0.294,9.175,0.000,14,9,-16
258.165,0.193,0.294,9.154,0.000,14,8,-16
258.216,0.193,0.294,9.140,0.000,14,9,-16
258.268,0.131,0.241,9.140,0.000,14,9,-17
258.320,0.131,0.241,9.111,0.000,12,11,-17
258.372,0.131,0.241,9.102,0.000,3,12,-15
258.423,0.085,0.209,9.104,0.000,-4,12,-17
258.474,0.085,0.209,9.101,0.000,-1,13,-16
258.525,0.048,0.186,9.101,0.000,3,14,-15
258.576,0.048,0.186,9.104,0.000,2,13,-16
258.627,0.048,0.186,9.112,0.000,0,14,-15
258.678,0.011,0.160,9.126,0.000,-1,13,-16
258.729,0.011,0.160,9.126,0.000,-1,14,-16
258.780,-0.018,0.129,9.126,0.000,1,13,-15
258.831,-0.018,0.129,9.111,0.000,0,14,-16
258.882,-0.018,0.129,9.125,0.000,0,14,-15
258.933,-0.036,0.096,9.130,0.000,0,13,-16
258.984,-0.036,0.096,9.130,0.000,0,14,-15
259.035,-0.036,0.096,9.124,0.000,0,14,-15
259.086,-0.057,0.054,9.132,0.000,0,13,-15
259.137,-0.057,0.054,9.137,0.000,-1,14,-15
259.188,-0.072,0.018,9.134,0.000,-1,14,-16
259.239,-0.072,0.018,9.134,0.000,0,14,-15
259.290,-0.072,0.018,9.138,0.000,0,14,-15
259.341,-0.081,-0.018,9.138,0.000,0,14,-15
259.392,-0.081,-0.018,9.139,0.000,0,14,-15
259.443,-0.098,-0.054,9.139,0.000,0,14,-15
259.494,-0.098,-0.054,9.136,0.000,0,14,-15
259.545,-0.098,-0.054,9.147,0.000,0,14,-15
259.596,-0.098,-0.054,9.119,0.000,0,14,-15
259.647,-0.098,-0.054,9.146,0.000,0,14,-14
259.698,-0.114,-0.101,9.146,0.000,0,14,-15
259.749,-0.114,-0.101,9.135,0.000,0,14,-15
259.800,-0.114,-0.101,9.155,0.000,1,14,-15
259.851,-0.133,-0.148,9.122,0.000,0,14,-15
259.953,-0.133,-0.148,9.145,0.000,0,14,-15
260.056,-0.153,-0.198,9.118,0.000,7,13,-15
260.160,-0.168,-0.249,9.109,0.000,11,12,-15
260.212,-0.168,-0.249,9.076,0.000,13,10,-16
260.263,-0.181,-0.285,9.049,0.000,14,9,-15
260.315,-0.181,-0.285,9.060,0.000,14,7,-16
260.366,-0.201,-0.322,9.048,0.000,15,6,-16
260.417,-0.201,-0.322,9.048,0.000,14,5,-15
260.468,-0.201,-0.322,9.020,0.000,16,5,-16
260.519,-0.224,-0.350,9.030,0.000,15,5,-15
260.570,-0.224,-0.350,9.025,0.000,15,6,-16
260.621,-0.255,-0.372,9.025,0.000,15,6,-15
260.672,-0.255,-0.372,9.035,0.000,15,6,-16
260.723,-0.255,-0.372,9.044,0.000,15,5,-16
260.774,-0.299,-0.402,9.016,0.000,15,6,-15
260.825,-0.299,-0.402,9.039,0.000,15,6,-16
260.876,-0.299,-0.402,9.039,0.000,16,5,-16
260.927,-0.334,-0.416,9.024,0.000,15,6,-15
260.978,-0.334,-0.416,9.033,0.000,15,7,-16
261.029,-0.367,-0.420,9.044,0.000,15,6,-16
261.080,-0.367,-0.420,9.054,0.000,16,5,-16
261.131,-0.367,-0.420,9.054,0.000,14,9,-15
261.182,-0.406,-0.429,9.045,0.000,2,12,-16
261.233,-0.406,-0.429,9.051,0.000,2,13,-15
261.284,-0.440,-0.430,9.086,0.000,3,13,-16
261.335,-0.440,-0.430,9.086,0.000,1,14,-15
261.386,-0.440,-0.430,9.077,0.000,0,13,-15
261.437,-0.479,-0.440,9.110,0.000,0,14,-15
261.488,-0.479,-0.440,9.124,0.000,0,14,-15
261.539,-0.522,-0.459,9.146,0.000,0,14,-15
261.590,-0.522,-0.459,9.146,0.000,0,14,-15
261.641,-0.522,-0.459,9.184,0.000,0,14,-15
261.693,-0.558,-0.478,9.204,0.000,2,14,-15
261.745,-0.558,-0.478,9.216,0.000,6,13,-16
261.797,-0.558,-0.478,9.216,0.000,11,12,-15
261.848,-0.580,-0.507,9.216,0.000,13,9,-16
261.899,-0.580,-0.507,9.250,0.000,14,7,-16
261.950,-0.603,-0.540,9.249,0.000,14,6,-15
262.001,-0.603,-0.540,9.264,0.000,15,5,-16
262.052,-0.603,-0.540,9.264,0.000,15,5,-16
262.103,-0.603,-0.540,9.268,0.000,15,6,-16
262.154,-0.603,-0.540,9.270,0.000,15,6,-15
262.205,-0.638,-0.573,9.297,0.000,15,6,-16
262.256,-0.638,-0.573,9.300,0.000,16,6,-16
262.307,-0.638,-0.573,9.300,0.000,15,6,-16
262.358,-0.678,-0.607,9.310,0.000,15,5,-16
262.409,-0.678,-0.607,9.304,0.000,15,6,-15
262.460,-0.678,-0.607,9.287,0.000,16,6,-16
262.563,-0.734,-0.420,9.294,0.000,15,-5,-16
262.614,-0.791,-0.416,9.315,0.000,15,-10,-15
262.665,-0.791,-0.416,9.354,0.000,15,-11,-13
262.716,-0.791,-0.416,9.385,0.000,16,-11,-13
262.767,-0.837,-0.422,9.385,0.000,15,-10,-11
262.818,-0.837,-0.422,9.395,0.000,16,-11,-11
262.869,-0.882,-0.410,9.426,0.000,15,-10,-10
262.920,-0.882,-0.410,9.443,0.000,16,-10,-10
262.971,-0.882,-0.410,9.443,0.000,16,-9,-10
263.022,-0.921,-0.600,9.443,0.000,15,-9,-9
263.073,-0.921,-0.600,9.454,0.000,16,-9,-10
263.124,-0.956,-0.591,9.466,0.000,16,-10,-8
263.175,-0.956,-0.591,9.467,0.000,15,-8,-9
263.226,-0.956,-0.591,9.467,0.000,16,-9,-9
263.329,-0.991,-0.563,9.456,0.000,16,-11,-4
263.381,-0.991,-0.563,9.445,0.000,16,-13,4
263.432,-1.025,-0.542,9.400,0.000,16,-13,7
263.534,-1.057,-0.517,9.378,0.000,16,-15,8
263.585,-1.057,-0.517,9.334,0.000,16,-14,8
263.636,-1.057,-0.517,9.308,0.000,16,-15,8
263.687,-1.086,-0.491,9.308,0.000,15,-14,7
263.738,-1.086,-0.491,9.269,0.000,16,-15,7
263.789,-1.105,-0.453,9.243,0.000,16,-15,7
263.840,-1.105,-0.453,9.236,0.000,16,-15,7
263.891,-1.105,-0.453,9.189,0.000,16,-15,6
263.942,-1.114,-0.408,9.189,0.000,15,-15,6
263.993,-1.114,-0.408,9.173,0.000,16,-14,7
264.044,-1.115,-0.368,9.104,0.000,16,-15,6
264.095,-1.115,-0.368,9.092,0.000,16,-15,6
264.146,-1.115,-0.368,9.092,0.000,16,-15,6
264.197,-1.112,-0.329,9.059,0.000,16,-15,6
264.248,-1.112,-0.329,9.051,0.000,15,-15,7
264.299,-1.112,-0.329,8.988,0.000,16,-15,5
264.350,-1.111,-0.290,8.992,0.000,16,-15,6
264.401,-1.111,-0.290,8.992,0.000,16,-16,7
264.452,-1.098,-0.249,8.934,0.000,16,-15,6
264.503,-1.098,-0.249,8.929,0.000,15,-15,6
264.554,-1.098,-0.249,8.903,0.000,16,-15,6
264.605,-1.094,-0.206,8.903,0.000,16,-15,6
264.656,-1.094,-0.206,8.877,0.000,16,-15,6
264.707,-1.086,-0.157,8.836,0.000,16,-16,6
264.758,-1.086,-0.157,8.816,0.000,15,-15,6
264.809,-1.086,-0.157,8.809,0.000,17,-15,5
264.860,-1.075,-0.118,8.809,0.000,15,-16,6
264.911,-1.075,-0.118,8.766,0.000,16,-15,6
264.962,-1.075,-0.118,8.753,0.000,16,-15,6
265.013,-1.075,-0.118,8.703,0.000,16,-16,6
265.064,-1.075,-0.118,8.678,0.000,16,-15,6
265.115,-1.075,-0.118,8.678,0.000,16,-16,6
265.166,-1.075,-0.118,8.658,0.000,16,-15,6
265.217,-1.075,-0.118,8.619,0.000,15,-15,6
265.268,-1.065,-0.056,8.613,0.000,16,-16,6
265.319,-1.065,-0.056,8.613,0.000,16,-16,6
265.370,-1.047,0.012,8.574,0.000,16,-15,6
265.421,-1.047,0.012,8.555,0.000,16,-16,6
265.472,-1.047,0.012,8.533,0.000,16,-15,6
265.523,-1.022,0.080,8.501,0.000,16,-16,6
265.574,-1.022,0.080,8.501,0.000,16,-15,6
265.625,-1.022,0.080,8.492,0.000,16,-16,6
265.676,-1.022,0.080,8.461,0.000,16,-15,6
265.727,-1.022,0.080,8.432,0.000,16,-16,6
265.778,-0.990,0.158,8.432,0.000,16,-15,6
265.829,-0.990,0.158,8.401,0.000,16,-16,5
265.881,-0.990,0.158,8.385,0.000,17,-17,6
265.934,-0.969,0.198,8.363,0.000,14,-15,-5
265.986,-0.969,0.198,8.408,0.000,13,-17,-8
266.037,-0.935,0.241,8.408,0.000,11,-16,-8
266.088,-0.935,0.241,8.457,0.000,10,-15,-7
266.139,-0.935,0.241,8.493,0.000,9,-16,-7
266.190,-0.908,0.284,8.551,0.000,9,-16,-6
266.241,-0.908,0.284,8.586,0.000,8,-16,-7
266.292,-0.893,0.315,8.586,0.000,7,-16,-6
266.343,-0.893,0.315,8.651,0.000,7,-15,-6
266.394,-0.893,0.315,8.682,0.000,6,-16,-6
266.445,-0.781,0.371,8.750,0.000,6,-16,-5
266.496,-0.781,0.371,8.750,0.000,6,-16,-6
266.547,-0.781,0.371,8.805,0.000,5,-16,-5
266.598,-0.781,0.414,8.859,0.000,7,-16,-6
266.649,-0.781,0.414,8.912,0.000,6,-16,-5
266.700,-0.788,0.451,8.964,0.000,5,-15,-6
266.751,-0.788,0.451,8.964,0.000,5,-16,-6
266.803,-0.788,0.451,9.014,0.000,5,-16,-6
266.854,-0.792,0.493,9.066,0.000,3,-16,-7
266.958,-0.894,0.519,9.211,0.000,-13,-16,2
267.010,-0.894,0.519,9.211,0.000,-14,-16,-7
267.062,-0.894,0.519,9.340,0.000,-15,-16,-12
267.113,-0.894,0.519,9.474,0.000,-15,-16,-13
267.164,-0.894,0.519,9.627,0.000,-14,-15,-13
267.215,-0.908,0.572,9.627,0.000,-14,-16,-13
267.266,-0.908,0.572,9.755,0.000,-14,-15,-14
267.317,-0.908,0.572,9.873,0.000,-13,-16,-13
267.369,-0.921,0.585,10.015,0.000,-15,-15,-13
267.421,-0.921,0.585,10.112,0.000,-15,-14,-5
267.472,-0.935,0.593,10.112,0.000,-14,-11,0
267.523,-0.935,0.593,10.187,0.000,-15,-10,-2
267.574,-0.935,0.593,10.279,0.000,-15,-9,-3
267.625,-0.947,0.591,10.374,0.000,-15,-9,-4
267.676,-0.947,0.591,10.456,0.000,-15,-8,-4
267.727,-0.947,0.591,10.456,0.000,-15,-6,-4
267.778,-0.968,0.574,10.542,0.000,-16,-7,-5
267.829,-0.968,0.574,10.635,0.000,-15,-6,-5
267.880,-0.968,0.574,10.699,0.000,-15,-5,-4
267.931,-0.968,0.574,10.699,0.000,-15,-6,-4
268.034,-0.966,0.574,10.837,0.000,-15,1,-9
268.086,-0.966,0.574,10.923,0.000,-16,5,-11
268.241,-0.970,0.581,11.067,0.000,-15,8,-15
268.293,-0.956,0.590,11.144,0.000,-16,9,-14
268.345,-0.956,0.590,11.197,0.000,-15,13,-12
268.397,-0.920,0.608,11.251,0.000,-16,12,-10
268.448,-0.920,0.608,11.251,0.000,-15,13,-9
268.499,-0.920,0.608,11.284,0.000,-16,13,-9
268.550,-0.893,0.616,11.317,0.000,-15,13,-9
268.653,-0.893,0.616,11.365,0.000,-16,13,-8
268.705,-0.848,0.618,11.398,0.000,-16,14,-4
268.757,-0.848,0.618,11.417,0.000,-15,15,0
268.808,-0.814,0.634,11.428,0.000,-16,15,1
268.859,-0.814,0.634,11.417,0.000,-16,14,0
268.910,-0.814,0.634,11.417,0.000,-15,15,-1
268.961,-0.782,0.660,11.411,0.000,-16,15,0
269.012,-0.782,0.660,11.428,0.000,-16,15,0
269.063,-0.758,0.689,11.428,0.000,-15,15,0
269.114,-0.758,0.689,11.425,0.000,-16,14,0
269.216,-0.742,0.727,11.441,0.000,-16,15,-1
269.267,-0.742,0.727,11.444,0.000,-15,15,-1
269.318,-0.726,0.767,11.458,0.000,-16,15,-3
269.369,-0.726,0.767,11.458,0.000,-16,15,-1
269.420,-0.726,0.767,11.470,0.000,-16,15,-2
269.471,-0.719,0.803,11.467,0.000,-16,15,-2
269.523,-0.719,0.803,11.474,0.000,-16,16,-2
269.574,-0.719,0.803,11.486,0.000,-16,15,-2
269.676,-0.705,0.846,11.500,0.000,-16,15,-8
269.727,-0.689,0.888,11.546,0.000,-15,15,-7
269.778,-0.689,0.888,11.590,0.000,-16,15,-8
269.829,-0.689,0.888,11.590,0.000,-16,16,-7
269.880,-0.670,0.924,11.619,0.000,-16,15,-7
269.931,-0.670,0.924,11.644,0.000,-16,15,-7
269.982,-0.645,0.963,11.666,0.000,-15,16,-6
270.033,-0.645,0.963,11.705,0.000,-16,15,-7
270.084,-0.645,0.963,11.705,0.000,-16,16,-6
270.135,-0.645,0.963,11.711,0.000,-16,15,-6
270.186,-0.645,0.963,11.747,0.000,-16,15,-6
270.237,-0.645,0.963,11.766,0.000,-16,16,-6
270.288,-0.616,1.013,11.806,0.000,-16,15,-6
270.442,-0.589,1.063,11.856,0.000,-15,16,-10
270.493,-0.589,1.063,11.887,0.000,-4,15,-11
270.544,-0.589,1.063,11.887,0.000,-5,15,-13
270.595,-0.589,1.063,11.905,0.000,-4,16,-14
270.646,-0.560,1.130,11.910,0.000,-1,15,-13
270.697,-0.560,1.130,11.892,0.000,-1,15,-14
270.748,-0.560,1.130,11.884,0.000,3,16,-13
270.800,-0.533,1.180,11.884,0.000,9,16,0
270.852,-0.533,1.180,11.815,0.000,12,17,1
270.903,-0.508,1.228,11.715,0.000,13,15,-2
270.954,-0.508,1.228,11.633,0.000,13,16,-1
271.005,-0.508,1.228,11.633,0.000,-1,15,-9
271.056,-0.480,1.268,11.548,0.000,-1,14,-14
271.107,-0.480,1.268,11.537,0.000,1,15,-13
271.158,-0.480,1.268,11.514,0.000,-3,15,-15
271.209,-0.456,1.261,11.526,0.000,-2,15,-14
271.260,-0.456,1.261,11.526,0.000,0,15,-14
271.311,-0.428,1.287,11.496,0.000,0,15,-14
271.362,-0.428,1.287,11.490,0.000,1,15,-15
271.413,-0.428,1.287,11.471,0.000,0,15,-14
271.464,-0.399,1.294,11.450,0.000,0,16,-14
271.515,-0.399,1.294,11.450,0.000,0,15,-15
271.566,-0.367,1.299,11.425,0.000,0,15,-14
271.617,-0.367,1.299,11.408,0.000,0,15,-14
271.668,-0.367,1.299,11.387,0.000,0,15,-14
271.719,-0.328,1.328,11.387,0.000,0,15,-14
271.770,-0.328,1.328,11.382,0.000,0,15,-14
271.821,-0.328,1.328,11.344,0.000,0,15,-14
271.872,-0.291,1.334,11.344,0.000,0,15,-15
271.923,-0.291,1.334,11.327,0.000,0,15,-14
271.974,-0.251,1.347,11.327,0.000,0,15,-14
272.025,-0.251,1.347,11.304,0.000,0,14,-14
272.076,-0.251,1.347,11.295,0.000,-1,15,-14
272.127,-0.207,1.360,11.275,0.000,0,15,-15
272.178,-0.207,1.360,11.275,0.000,0,15,-14
272.229,-0.165,1.373,11.259,0.000,0,15,-14
272.280,-0.165,1.373,11.249,0.000,0,14,-14
272.331,-0.165,1.373,11.230,0.000,0,15,-14
272.382,-0.121,1.388,11.218,0.000,0,15,-14
272.433,-0.121,1.388,11.218,0.000,0,14,-14
272.484,-0.080,1.393,11.230,0.000,0,15,-14
272.535,-0.080,1.393,11.208,0.000,0,15,-15
272.586,-0.080,1.393,11.202,0.000,0,14,-14
272.637,-0.040,1.403,11.202,0.000,0,15,-14
272.688,-0.040,1.403,11.191,0.000,0,15,-14
272.739,-0.040,1.403,11.181,0.000,0,14,-14
272.790,0.000,1.417,11.187,0.000,0,15,-14
272.841,0.000,1.417,11.179,0.000,0,14,-14
272.892,0.035,1.430,11.179,0.000,0,14,-14
272.944,0.035,1.430,11.194,0.000,5,16,-13
272.996,0.035,1.430,11.154,0.000,6,15,-10
273.047,0.073,1.434,11.118,0.000,0,15,-12
273.098,0.073,1.434,11.135,0.000,-1,13,-14
273.149,0.073,1.434,11.135,0.000,0,15,-14
273.200,0.073,1.434,11.132,0.000,1,14,-13
273.251,0.073,1.434,11.141,0.000,0,15,-14
273.302,0.073,1.434,11.123,0.000,0,14,-14
273.353,0.073,1.434,11.123,0.000,0,14,-14
273.404,0.073,1.434,11.135,0.000,0,14,-14
273.506,0.160,1.458,11.125,0.000,0,14,-14
273.557,0.206,1.466,11.128,0.000,0,14,-14
273.608,0.206,1.466,11.128,0.000,0,14,-14
273.659,0.206,1.466,11.133,0.000,0,15,-14
273.710,0.252,1.484,11.140,0.000,0,14,-14
273.761,0.252,1.484,11.133,0.000,0,14,-14
273.812,0.290,1.482,11.133,0.000,0,14,-13
273.863,0.290,1.482,11.144,0.000,0,15,-14
273.914,0.290,1.482,11.133,0.000,0,14,-14
273.965,0.331,1.486,11.147,0.000,0,14,-14
274.016,0.331,1.486,11.156,0.000,0,14,-14
274.067,0.370,1.493,11.156,0.000,0,15,-14
274.118,0.370,1.493,11.146,0.000,0,14,-14
274.169,0.370,1.493,11.163,0.000,0,14,-14
274.271,0.406,1.499,11.169,0.000,0,14,-14
274.322,0.406,1.499,11.169,0.000,0,14,-14
274.373,0.443,1.516,11.165,0.000,0,14,-14
274.424,0.443,1.516,11.176,0.000,0,15,-14
274.475,0.480,1.521,11.193,0.000,0,14,-14
274.526,0.480,1.521,11.193,0.000,0,14,-14
274.577,0.480,1.521,11.195,0.000,0,14,-14
274.628,0.517,1.526,11.191,0.000,0,14,-14
274.679,0.517,1.526,11.209,0.000,0,14,-14
274.730,0.557,1.534,11.225,0.000,0,14,-14
274.781,0.557,1.534,11.225,0.000,0,14,-14
274.883,0.597,1.537,11.239,0.000,0,14,-14
274.934,0.597,1.537,11.240,0.000,0,14,-14
274.985,0.597,1.537,11.240,0.000,0,15,-14
275.037,0.637,1.544,11.249,0.000,1,14,-14
275.089,0.637,1.544,11.251,0.000,7,14,-15
275.141,0.677,1.551,11.232,0.000,12,13,-15
275.193,0.677,1.551,11.222,0.000,14,8,-15
275.244,0.677,1.551,11.222,0.000,14,7,-15
275.295,0.716,1.556,11.216,0.000,15,6,-15
275.346,0.716,1.556,11.211,0.000,15,6,-15
275.397,0.753,1.555,11.197,0.000,15,7,-16
275.448,0.753,1.555,11.185,0.000,15,6,-15
275.499,0.753,1.555,11.185,0.000,15,5,-15
275.550,0.790,1.549,11.162,0.000,16,7,-15
275.601,0.790,1.549,11.156,0.000,15,6,-16
275.652,0.825,1.530,11.140,0.000,15,6,-15
275.703,0.825,1.530,11.140,0.000,15,6,-16
275.754,0.825,1.530,11.143,0.000,16,6,-15
275.805,0.858,1.504,11.115,0.000,15,6,-15
275.856,0.858,1.504,11.103,0.000,16,6,-16
275.907,0.858,1.504,11.076,0.000,15,7,-15
275.958,0.890,1.476,11.076,0.000,15,6,-16
276.009,0.890,1.476,11.067,0.000,16,5,-16
276.060,0.921,1.443,11.052,0.000,15,7,-15
276.111,0.921,1.443,11.035,0.000,16,5,-16
276.162,0.921,1.443,11.035,0.000,15,6,-15
276.213,0.949,1.409,11.017,0.000,16,7,-16
276.264,0.949,1.409,11.006,0.000,15,6,-16
276.315,0.972,1.373,10.971,0.000,16,6,-15
276.366,0.972,1.373,10.954,0.000,15,6,-16
276.417,0.972,1.373,10.954,0.000,16,6,-16
276.468,0.993,1.337,10.933,0.000,15,5,-15
276.519,0.993,1.337,10.904,0.000,16,6,-16
276.570,0.993,1.337,10.865,0.000,15,7,-16
276.621,1.014,1.298,10.865,0.000,16,5,-16
276.672,1.014,1.298,10.859,0.000,16,6,-16
276.723,1.038,1.263,10.833,0.000,15,6,-15
276.774,1.038,1.263,10.802,0.000,16,6,-16
276.825,1.038,1.263,10.783,0.000,16,6,-16
276.876,1.061,1.227,10.783,0.000,15,6,-16
276.927,1.061,1.227,10.764,0.000,16,6,-16
276.978,1.081,1.190,10.737,0.000,16,6,-16
277.029,1.081,1.190,10.717,0.000,15,5,-16
277.080,1.081,1.190,10.699,0.000,16,7,-16
277.131,1.100,1.154,10.699,0.000,16,6,-16
277.182,1.100,1.154,10.674,0.000,16,5,-16
277.233,1.100,1.154,10.644,0.000,15,7,-16
277.285,1.100,1.154,10.621,0.000,7,12,-15
277.336,1.100,1.154,10.621,0.000,1,12,-16
277.387,1.116,1.105,10.600,0.000,5,13,-16
277.438,1.116,1.105,10.614,0.000,4,14,-15
277.489,1.116,1.105,10.593,0.000,2,14,-16
277.540,1.137,1.058,10.603,0.000,2,13,-15
277.591,1.137,1.058,10.603,0.000,1,14,-15
277.642,1.165,1.014,10.588,0.000,1,14,-16
277.693,1.165,1.014,10.604,0.000,1,14,-15
277.744,1.165,1.014,10.600,0.000,1,14,-15
277.795,1.165,1.014,10.600,0.000,0,14,-16
277.846,1.165,1.014,10.621,0.000,0,14,-15
277.897,1.203,0.967,10.631,0.000,0,14,-15
277.949,1.203,0.967,10.638,0.000,0,14,-15
278.000,1.203,0.967,10.656,0.000,0,14,-16
278.051,1.243,0.937,10.656,0.000,0,14,-15
278.102,1.243,0.937,10.656,0.000,0,14,-15
278.204,1.285,0.906,10.702,0.000,0,14,-14
278.255,1.285,0.906,10.713,0.000,2,13,-16
278.307,1.327,0.877,10.713,0.000,6,14,-15
278.358,1.327,0.877,10.706,0.000,8,13,-15
278.409,1.327,0.877,10.700,0.000,8,11,-15
278.460,1.362,0.856,10.711,0.000,8,12,-16
278.511,1.362,0.856,10.711,0.000,6,12,-15
278.562,1.392,0.833,10.722,0.000,7,12,-16
278.613,1.392,0.833,10.711,0.000,7,11,-15
278.665,1.392,0.833,10.728,0.000,6,11,-16
278.716,1.422,0.808,10.725,0.000,5,11,-16
278.972,1.479,0.751,10.734,0.000,9,11,-16
279.024,1.479,0.751,10.738,0.000,11,9,-16
279.076,1.479,0.751,10.717,0.000,13,7,-16
279.127,1.510,0.720,10.699,0.000,14,5,-15
279.178,1.510,0.720,10.686,0.000,15,4,-16
279.229,1.532,0.688,10.686,0.000,15,5,-16
279.280,1.532,0.688,10.676,0.000,14,6,-16
279.331,1.532,0.688,10.647,0.000,15,6,-16
279.382,1.550,0.656,10.612,0.000,15,5,-15
279.433,1.550,0.656,10.587,0.000,15,5,-16
279.484,1.559,0.619,10.587,0.000,15,6,-16
279.535,1.559,0.619,10.539,0.000,15,6,-16
279.586,1.559,0.619,10.527,0.000,15,5,-16
279.637,1.559,0.619,10.499,0.000,15,6,-16
279.688,1.559,0.619,10.499,0.000,15,7,-16
279.739,1.561,0.568,10.459,0.000,16,5,-16
279.790,1.561,0.568,10.446,0.000,15,6,-15
279.841,1.561,0.568,10.411,0.000,15,6,-16
279.892,1.564,0.516,10.381,0.000,16,6,-16
279.943,1.564,0.516,10.381,0.000,15,5,-16
280.045,1.570,0.461,10.336,0.000,16,7,-16
280.096,1.570,0.461,10.325,0.000,15,5,-16
280.147,1.573,0.406,10.325,0.000,15,6,-16
280.198,1.573,0.406,10.310,0.000,16,6,-15
280.249,1.573,0.406,10.275,0.000,15,6,-17
280.300,1.576,0.362,10.253,0.000,16,6,-16
280.351,1.576,0.362,10.240,0.000,15,7,-15
280.454,1.572,0.320,10.236,0.000,12,-6,-16
280.505,1.572,0.320,10.273,0.000,13,3,-16
280.556,1.570,0.282,10.242,0.000,16,8,-16
280.607,1.570,0.282,10.243,0.000,15,6,-15
280.658,1.570,0.282,10.243,0.000,15,6,-16
280.709,1.550,0.242,10.217,0.000,16,6,-16
280.760,1.550,0.242,10.198,0.000,15,6,-16
280.811,1.541,0.199,10.190,0.000,16,7,-17
280.862,1.541,0.199,10.190,0.000,15,5,-16
280.913,1.541,0.199,10.182,0.000,14,-4,-16
280.965,1.534,0.156,10.203,0.000,12,-7,-17
281.016,1.534,0.156,10.248,0.000,11,-6,-16
281.067,1.515,0.117,10.273,0.000,10,-5,-16
281.118,1.515,0.117,10.273,0.000,10,-5,-16
281.169,1.515,0.117,10.327,0.000,9,-4,-16
281.220,1.511,0.077,10.368,0.000,9,-5,-16
281.271,1.511,0.077,10.419,0.000,9,-5,-16
281.322,1.511,0.077,10.419,0.000,8,-4,-16
281.373,1.511,0.077,10.444,0.000,8,-3,-16
281.424,1.511,0.077,10.481,0.000,7,-4,-16
281.475,1.494,0.032,10.533,0.000,7,-4,-16
281.526,1.494,0.032,10.552,0.000,8,-3,-16
281.577,1.494,0.032,10.552,0.000,7,-4,-16
281.628,1.477,-0.016,10.600,0.000,7,-3,-16
281.730,1.465,-0.065,10.677,0.000,8,-4,-17
281.781,1.465,-0.065,10.716,0.000,7,-4,-15
281.832,1.465,-0.065,10.716,0.000,7,-3,-16
281.883,1.465,-0.065,10.752,0.000,7,-3,-17
281.934,1.465,-0.065,10.776,0.000,12,9,-14
281.985,1.470,-0.130,10.742,0.000,14,14,-14
282.036,1.470,-0.130,10.742,0.000,15,15,-14
282.087,1.470,-0.130,10.681,0.000,14,11,-15
282.138,1.462,-0.183,10.643,0.000,15,9,-16
282.189,1.462,-0.183,10.633,0.000,15,9,-16
282.240,1.462,-0.183,10.604,0.000,14,9,-16
282.291,1.469,-0.228,10.604,0.000,15,8,-16
282.342,1.469,-0.228,10.592,0.000,15,8,-16
282.393,1.469,-0.228,10.568,0.000,15,8,-16
282.444,1.469,-0.228,10.545,0.000,15,7,-16
282.495,1.469,-0.228,10.545,0.000,15,7,-16
282.546,1.486,-0.289,10.531,0.000,15,6,-16
282.597,1.486,-0.289,10.517,0.000,16,6,-16
282.648,1.490,-0.331,10.495,0.000,15,7,-16
282.699,1.490,-0.331,10.482,0.000,15,6,-16
282.750,1.490,-0.331,10.482,0.000,15,6,-16
282.852,1.522,-0.376,10.449,0.000,16,6,-16
283.005,1.522,-0.376,10.430,0.000,16,4,-17
283.108,1.548,-0.473,10.427,0.000,15,-8,-16
283.159,1.548,-0.473,10.455,0.000,15,-11,-14
283.210,1.548,-0.473,10.455,0.000,16,-10,-14
283.261,1.548,-0.473,10.485,0.000,15,-11,-13
283.312,1.548,-0.473,10.514,0.000,16,-10,-12
283.363,1.548,-0.473,10.550,0.000,16,-10,-12
283.414,1.548,-0.473,10.559,0.000,15,-9,-11
283.465,1.546,-0.535,10.559,0.000,16,-9,-11
283.516,1.546,-0.535,10.571,0.000,16,-9,-11
283.567,1.523,-0.600,10.594,0.000,15,-9,-10
283.618,1.523,-0.600,10.604,0.000,16,-8,-10
283.669,1.523,-0.600,10.604,0.000,16,-9,-10
283.720,1.501,-0.664,10.606,0.000,15,-8,-10
283.771,1.501,-0.664,10.637,0.000,16,-9,-9
283.822,1.501,-0.664,10.619,0.000,15,-8,-9
283.873,1.474,-0.727,10.638,0.000,16,-8,-9
283.924,1.474,-0.727,10.638,0.000,17,-8,-9
283.977,1.453,-0.770,10.630,0.000,15,-12,0
284.029,1.453,-0.770,10.639,0.000,17,-13,7
284.080,1.453,-0.770,10.608,0.000,16,-14,7
284.131,1.438,-0.810,10.591,0.000,16,-14,7
284.182,1.438,-0.810,10.591,0.000,15,-14,8
284.233,1.418,-0.844,10.571,0.000,16,-15,8
284.284,1.418,-0.844,10.533,0.000,16,-14,8
284.335,1.418,-0.844,10.511,0.000,16,-15,7
284.386,1.392,-0.868,10.511,0.000,16,-15,7
284.437,1.392,-0.868,10.493,0.000,16,-15,7
284.488,1.364,-0.884,10.461,0.000,16,-14,6
284.539,1.364,-0.884,10.448,0.000,16,-15,6
284.590,1.364,-0.884,10.423,0.000,15,-15,7
284.641,1.326,-0.890,10.423,0.000,16,-15,6
284.692,1.326,-0.890,10.413,0.000,16,-15,6
284.743,1.326,-0.890,10.368,0.000,16,-15,7
284.794,1.277,-0.891,10.373,0.000,16,-15,6
284.845,1.277,-0.891,10.373,0.000,16,-15,6
284.896,1.232,-0.892,10.342,0.000,16,-15,6
284.947,1.232,-0.892,10.317,0.000,16,-15,6
284.998,1.232,-0.892,10.302,0.000,16,-15,6
285.049,1.179,-0.891,10.282,0.000,15,-15,6
285.100,1.179,-0.891,10.282,0.000,16,-16,6
285.151,1.134,-0.889,10.261,0.000,17,-15,6
285.202,1.134,-0.889,10.261,0.000,15,-15,6
285.253,1.134,-0.889,10.241,0.000,16,-15,6
285.304,1.092,-0.885,10.241,0.000,16,-16,6
285.355,1.092,-0.885,10.206,0.000,16,-15,6
285.406,1.092,-0.885,10.178,0.000,16,-15,6
285.457,1.047,-0.876,10.183,0.000,16,-15,6
285.508,1.047,-0.876,10.137,0.000,16,-16,6
285.559,1.005,-0.869,10.137,0.000,16,-15,6
285.610,1.005,-0.869,10.118,0.000,16,-15,6
285.661,1.005,-0.869,10.095,0.000,16,-16,6
285.712,0.960,-0.859,10.077,0.000,16,-15,6
285.763,0.960,-0.859,10.074,0.000,16,-16,6
285.814,0.907,-0.848,10.053,0.000,16,-15,6
285.865,0.907,-0.848,10.028,0.000,15,-15,6
285.916,0.907,-0.848,9.998,0.000,16,-16,6
285.967,0.907,-0.848,9.982,0.000,16,-15,6
286.018,0.907,-0.848,9.982,0.000,17,-16,6
286.069,0.855,-0.831,9.935,0.000,16,-16,7
286.121,0.855,-0.831,9.908,0.000,15,-15,7
286.173,0.855,-0.831,9.878,0.000,16,-16,8
286.225,0.798,-0.810,9.825,0.000,15,-16,10
286.276,0.798,-0.810,9.825,0.000,15,-15,10
286.328,0.798,-0.810,9.787,0.000,15,-16,10
286.380,0.798,-0.810,9.754,0.000,12,-16,11
286.431,0.798,-0.810,9.700,0.000,12,-16,11
286.482,0.744,-0.782,9.683,0.000,10,-16,12
286.533,0.744,-0.782,9.683,0.000,9,-15,11
286.636,0.708,-0.752,9.655,0.000,4,-16,12
286.687,0.708,-0.752,9.661,0.000,-1,-16,13
286.739,0.666,-0.719,9.661,0.000,0,-16,13
286.790,0.666,-0.719,9.673,0.000,1,-15,13
286.841,0.666,-0.719,9.683,0.000,1,-15,14
286.892,0.638,-0.680,9.668,0.000,0,-16,14
286.994,0.605,-0.644,9.695,0.000,0,-15,14
287.045,0.605,-0.644,9.688,0.000,0,-16,13
287.096,0.605,-0.644,9.698,0.000,0,-15,14
287.147,0.589,-0.601,9.711,0.000,0,-15,14
287.198,0.589,-0.601,9.711,0.000,0,-16,14
287.249,0.589,-0.601,9.739,0.000,0,-15,13
287.300,0.586,-0.562,9.726,0.000,-1,-15,14
287.351,0.586,-0.562,9.724,0.000,0,-16,14
287.402,0.581,-0.523,9.760,0.000,0,-15,14
287.453,0.581,-0.523,9.760,0.000,0,-15,13
287.504,0.581,-0.523,9.750,0.000,0,-15,14
287.555,0.589,-0.482,9.757,0.000,0,-15,14
287.606,0.589,-0.482,9.764,0.000,0,-16,13
287.657,0.578,-0.443,9.764,0.000,0,-15,14
287.708,0.578,-0.443,9.764,0.000,0,-15,14
287.759,0.578,-0.443,9.775,0.000,0,-15,14
287.810,0.578,-0.443,9.765,0.000,0,-15,14
287.863,0.578,-0.443,9.763,0.000,1,-16,14
287.914,0.562,-0.391,9.763,0.000,0,-15,15
287.967,0.562,-0.391,9.766,0.000,0,-15,14
288.018,0.562,-0.391,9.784,0.000,0,-15,13
288.069,0.525,-0.342,9.775,0.000,0,-15,14
288.120,0.525,-0.342,9.775,0.000,0,-15,14
288.171,0.525,-0.342,9.775,0.000,0,-15,14
288.222,0.509,-0.291,9.783,0.000,0,-15,14
288.273,0.509,-0.291,9.793,0.000,0,-16,14
288.325,0.494,-0.242,9.798,0.000,0,-15,14
288.376,0.494,-0.242,9.805,0.000,0,-14,14
288.529,0.481,-0.204,9.802,0.000,1,-15,14
288.580,0.490,-0.164,9.789,0.000,0,-15,14
288.631,0.490,-0.164,9.789,0.000,1,-14,14
288.682,0.490,-0.164,9.794,0.000,2,-15,14
288.733,0.476,-0.126,9.799,0.000,0,-15,13
288.784,0.476,-0.126,9.802,0.000,0,-15,14
288.835,0.465,-0.089,9.806,0.000,0,-15,14
288.886,0.465,-0.089,9.806,0.000,0,-15,14
288.937,0.465,-0.089,9.806,0.000,0,-15,14
288.988,0.453,-0.049,9.820,0.000,0,-15,14
289.039,0.453,-0.049,9.814,0.000,0,-15,14
289.090,0.453,-0.049,9.814,0.000,0,-14,14
289.141,0.444,-0.010,9.805,0.000,0,-15,14
289.192,0.444,-0.010,9.810,0.000,0,-15,14
289.243,0.433,0.028,9.808,0.000,0,-14,14
289.294,0.433,0.028,9.807,0.000,0,-15,14
289.345,0.433,0.028,9.807,0.000,0,-15,14
289.396,0.433,0.028,9.827,0.000,-1,-15,13
289.447,0.433,0.028,9.815,0.000,0,-14,14
289.498,0.433,0.028,9.815,0.000,0,-15,14
289.549,0.426,0.077,9.815,0.000,0,-14,14
289.600,0.426,0.077,9.817,0.000,0,-15,14
289.651,0.411,0.123,9.819,0.000,0,-15,14
289.702,0.411,0.123,9.817,0.000,0,-14,14
289.753,0.411,0.123,9.815,0.000,0,-15,14
289.804,0.395,0.172,9.815,0.000,0,-15,14
289.855,0.395,0.172,9.819,0.000,0,-14,13
289.906,0.380,0.216,9.834,0.000,0,-15,14
290.008,0.380,0.216,9.836,0.000,0,-15,14
290.059,0.360,0.256,9.836,0.000,0,-14,14
290.110,0.360,0.256,9.825,0.000,0,-15,13
290.161,0.343,0.292,9.831,0.000,0,-14,14
290.212,0.343,0.292,9.831,0.000,0,-15,14
290.263,0.343,0.292,9.831,0.000,0,-14,14
290.314,0.343,0.292,9.836,0.000,0,-14,14
290.365,0.343,0.292,9.831,0.000,0,-15,14
290.416,0.343,0.292,9.848,0.000,0,-14,14
290.467,-0.300,-0.263,9.829,0.000,0,-15,14
290.518,-0.300,-0.263,9.829,0.000,0,-14,14
290.569,-0.314,-0.229,9.840,0.000,0,-14,14
290.620,-0.314,-0.229,9.844,0.000,0,-14,14
290.671,-0.314,-0.229,9.840,0.000,0,-15,14
290.722,-0.320,-0.197,9.840,0.000,0,-14,14
290.773,-0.320,-0.197,9.833,0.000,0,-15,14
290.824,-0.320,-0.197,9.833,0.000,0,-14,14
290.875,-0.320,-0.197,9.848,0.000,0,-14,14
290.926,-0.320,-0.197,9.836,0.000,0,-15,14
290.977,0.273,0.520,9.836,0.000,0,-14,14
291.028,0.273,0.520,9.842,0.000,0,-14,14
291.079,0.273,0.520,9.838,0.000,0,-14,14
291.130,0.273,0.520,9.833,0.000,0,-15,14
291.181,0.273,0.520,9.833,0.000,0,-14,14
291.232,0.257,0.572,9.875,0.000,0,-14,14
291.283,0.257,0.572,9.844,0.000,0,-14,14
291.334,0.257,0.572,9.852,0.000,0,-14,15
291.385,0.236,0.626,9.846,0.000,0,-15,14
291.436,0.236,0.626,9.846,0.000,0,-14,14
291.487,0.218,0.677,9.856,0.000,0,-14,14
291.538,0.218,0.677,9.844,0.000,0,-14,14
291.589,0.218,0.677,9.844,0.000,0,-14,14
291.640,0.202,0.706,9.842,0.000,0,-15,14
291.691,0.202,0.706,9.842,0.000,0,-14,14
291.742,0.183,0.740,9.852,0.000,0,-14,14
291.793,0.183,0.740,9.850,0.000,0,-14,14
291.844,0.183,0.740,9.840,0.000,0,-14,14
291.895,0.166,0.781,9.840,0.000,0,-14,14
291.946,0.166,0.781,9.842,0.000,0,-15,14
292.048,0.166,0.781,9.853,0.000,0,-14,14
292.099,0.166,0.781,9.859,0.000,-9,-9,15
292.150,0.166,0.781,9.859,0.000,-15,-6,14
292.201,0.166,0.781,9.855,0.000,-14,-8,15
292.252,0.166,0.781,9.872,0.000,-14,-7,15
292.303,0.146,0.839,9.884,0.000,-15,-7,15
292.354,0.146,0.839,9.884,0.000,-15,-6,15
292.406,0.132,0.896,9.898,0.000,-16,7,14
292.457,0.132,0.896,9.897,0.000,-14,11,13
292.508,0.132,0.896,9.868,0.000,-15,9,11
292.559,0.132,0.896,9.866,0.000,-15,9,10
292.610,0.132,0.896,9.866,0.000,-15,10,9
292.661,0.132,0.896,9.847,0.000,-15,10,9
292.712,0.130,1.016,9.826,0.000,-15,10,8
292.763,0.130,1.016,9.822,0.000,-15,9,9
292.814,0.147,1.037,9.822,0.000,-16,10,8
292.865,0.147,1.037,9.811,0.000,-15,9,9
292.916,0.147,1.037,9.816,0.000,-15,9,8
292.967,0.175,1.058,9.801,0.000,-16,9,9
293.018,0.175,1.058,9.786,0.000,-15,9,8
293.069,0.220,1.072,9.786,0.000,-16,9,8
293.120,0.220,1.072,9.774,0.000,-15,6,6
293.171,0.220,1.072,9.808,0.000,-3,-2,-2
293.222,0.256,1.080,9.858,0.000,-4,-1,-2
293.273,0.256,1.080,9.872,0.000,-2,0,-1
293.324,0.295,1.101,9.872,0.000,0,1,1
293.375,0.295,1.101,9.868,0.000,1,0,-1
293.426,0.295,1.101,9.864,0.000,0,-1,0
293.477,0.326,1.105,9.872,0.000,-2,0,0
293.528,0.326,1.105,9.872,0.000,0,0,0
293.579,0.326,1.105,9.880,0.000,0,0,0
293.630,0.345,1.113,9.876,0.000,0,0,0
293.682,0.345,1.113,9.874,0.000,1,0,0
293.734,0.354,1.109,9.880,0.000,5,-3,-2
293.786,0.354,1.109,9.880,0.000,12,-7,-8
293.838,0.354,1.109,9.921,0.000,14,-7,-12
293.890,0.355,1.115,9.943,0.000,14,2,-13
293.942,0.355,1.115,9.933,0.000,16,5,-15
293.994,0.351,1.112,9.911,0.000,15,0,-15
294.046,0.351,1.112,9.911,0.000,15,-7,-14
294.097,0.351,1.112,9.937,0.000,14,-10,-13
294.148,0.351,1.112,9.958,0.000,16,-10,-11
294.199,0.351,1.112,9.993,0.000,15,-10,-10
294.250,0.339,1.085,9.993,0.000,15,-10,-9
294.301,0.339,1.085,9.986,0.000,16,-9,-9
294.352,0.339,1.085,10.006,0.000,15,-10,-9
294.403,0.317,1.063,10.005,0.000,16,-9,-8
294.454,0.317,1.063,10.019,0.000,15,-8,-9
294.505,0.317,1.063,10.019,0.000,15,-9,-9
294.556,0.287,1.026,10.035,0.000,16,-9,-8
294.607,0.287,1.026,10.046,0.000,15,-8,-9
294.658,0.251,1.002,10.049,0.000,16,-9,-8
294.709,0.251,1.002,10.049,0.000,15,-8,-8
294.760,0.251,1.002,10.054,0.000,16,-8,-9
294.811,0.251,1.002,10.056,0.000,15,-9,-7
294.862,0.251,1.002,10.059,0.000,16,-8,-9
294.913,0.207,0.981,10.084,0.000,16,-8,-8
295.015,0.207,0.981,10.071,0.000,16,-8,-9
295.066,0.163,0.957,10.092,0.000,15,-9,-8
295.117,0.163,0.957,10.083,0.000,16,-8,-8
295.168,0.122,0.932,10.090,0.000,16,-8,-9
295.219,0.122,0.932,10.090,0.000,15,-8,-8
295.270,0.122,0.932,10.113,0.000,16,-8,-8
295.322,0.072,0.913,10.103,0.000,16,5,-12
295.373,0.072,0.913,10.102,0.000,16,10,-13
295.425,0.072,0.913,10.102,0.000,15,10,-14
295.528,0.039,0.892,10.015,0.000,12,13,-15
295.579,0.011,0.867,10.001,0.000,10,13,-14
295.630,0.011,0.867,9.989,0.000,8,13,-15
295.681,0.011,0.867,9.989,0.000,8,13,-16
295.732,-0.010,0.838,9.961,0.000,7,13,-15
295.783,-0.010,0.838,9.955,0.000,7,12,-15
295.835,-0.019,0.799,9.930,0.000,5,14,-15
295.887,-0.019,0.799,9.920,0.000,0,13,-15
295.938,-0.019,0.799,9.920,0.000,1,13,-16
295.989,-0.027,0.762,9.932,0.000,0,14,-14
296.040,-0.027,0.762,9.944,0.000,-1,14,-15
296.091,-0.026,0.728,9.938,0.000,0,14,-14
296.142,-0.026,0.728,9.938,0.000,0,14,-15
296.193,-0.026,0.728,9.926,0.000,0,14,-14
296.244,-0.017,0.690,9.930,0.000,0,14,-15
296.295,-0.017,0.690,9.922,0.000,0,15,-14
296.346,-0.017,0.690,9.928,0.000,0,14,-14
296.397,-0.002,0.650,9.928,0.000,0,14,-14
296.448,-0.002,0.650,9.938,0.000,0,14,-15
296.499,0.013,0.609,9.916,0.000,0,15,-14
296.550,0.013,0.609,9.919,0.000,0,14,-15
296.601,0.013,0.609,9.919,0.000,0,14,-14
296.652,0.032,0.568,9.906,0.000,0,14,-14
296.703,0.032,0.568,9.916,0.000,0,15,-15
296.754,0.052,0.530,9.899,0.000,0,14,-14
296.805,0.052,0.530,9.909,0.000,0,14,-14
296.908,0.071,0.490,9.920,0.000,0,14,-14
296.959,0.071,0.490,9.924,0.000,0,15,-14
297.010,0.071,0.490,9.903,0.000,-1,14,-14
297.061,0.071,0.490,9.921,0.000,-4,15,-14
297.112,0.071,0.490,9.921,0.000,-8,14,-13
297.164,0.096,0.447,9.929,0.000,-12,15,-9
297.215,0.096,0.447,9.957,0.000,-14,15,-7
297.266,0.096,0.447,9.970,0.000,-15,15,-7
297.317,0.118,0.403,9.970,0.000,-15,14,-6
297.368,0.118,0.403,10.006,0.000,-15,15,-6
297.419,0.145,0.376,10.029,0.000,-15,15,-7
297.470,0.145,0.376,10.058,0.000,-15,15,-7
297.521,0.145,0.376,10.077,0.000,-15,15,-6
297.572,0.178,0.343,10.077,0.000,-15,15,-6
297.623,0.178,0.343,10.103,0.000,-15,16,-7
297.674,0.210,0.327,10.117,0.000,-15,15,-6
297.725,0.210,0.327,10.160,0.000,-15,15,-7
297.776,0.210,0.327,10.160,0.000,-15,16,-6
297.827,0.210,0.327,10.178,0.000,-15,15,-7
297.878,0.210,0.327,10.200,0.000,-16,15,-6
297.929,0.210,0.327,10.227,0.000,-15,15,-6
297.980,0.210,0.327,10.267,0.000,-15,16,-6
298.031,0.210,0.327,10.267,0.000,-15,15,-7
298.082,0.280,0.310,10.285,0.000,-16,15,-6
298.133,0.280,0.310,10.316,0.000,-15,16,-7
298.184,0.280,0.310,10.351,0.000,-15,15,-6
298.235,0.353,0.289,10.351,0.000,-15,15,-6
298.286,0.353,0.289,10.351,0.000,-15,16,-6
298.337,0.424,0.283,10.379,0.000,-15,15,-6
298.388,0.424,0.283,10.413,0.000,-16,16,-6
298.439,0.424,0.283,10.429,0.000,-15,15,-7
298.490,0.494,0.276,10.429,0.000,-15,16,-6
298.541,0.494,0.276,10.448,0.000,-16,15,-6
298.592,0.533,0.274,10.477,0.000,-15,16,-7
298.643,0.533,0.274,10.511,0.000,-15,15,-6
298.694,0.533,0.274,10.532,0.000,-16,16,-6
298.745,0.570,0.271,10.532,0.000,-15,15,-6
298.796,0.570,0.271,10.568,0.000,-15,16,-7
298.847,0.570,0.271,10.584,0.000,-15,15,-6
298.898,0.612,0.272,10.609,0.000,-16,16,-6
298.949,0.612,0.272,10.609,0.000,-15,16,-6
299.000,0.660,0.274,10.632,0.000,-16,15,-6
299.051,0.660,0.274,10.637,0.000,-15,16,-6
299.102,0.660,0.274,10.679,0.000,-16,15,-6
299.153,0.703,0.282,10.694,0.000,-15,16,-6
299.204,0.703,0.282,10.694,0.000,-15,15,-6
299.255,0.746,0.290,10.721,0.000,-16,16,-6
299.306,0.746,0.290,10.733,0.000,-15,16,-6
299.357,0.746,0.290,10.769,0.000,-16,15,-6
299.408,0.792,0.302,10.769,0.000,-15,16,-6
299.459,0.792,0.302,10.780,0.000,-16,16,-6
299.510,0.792,0.302,10.809,0.000,-16,16,-5
299.561,0.829,0.317,10.826,0.000,-16,15,-6
299.612,0.829,0.317,10.842,0.000,-15,16,-6
299.663,0.873,0.329,10.842,0.000,-16,16,-6
299.714,0.873,0.329,10.862,0.000,-16,15,-5
299.816,0.916,0.343,10.904,0.000,-15,16,-5
299.868,0.916,0.343,10.908,0.000,-16,16,4
299.919,0.943,0.358,10.908,0.000,-15,16,10
299.970,0.943,0.358,10.885,0.000,-16,15,10
300.072,0.982,0.373,10.824,0.000,-16,-4,15
300.123,0.982,0.373,10.824,0.000,-5,-5,15
300.174,0.982,0.373,10.799,0.000,1,-10,15
300.225,1.013,0.406,10.792,0.000,-3,-11,14
300.328,1.026,0.440,10.770,0.000,7,-13,15
300.380,1.026,0.440,10.770,0.000,12,-14,10
300.431,1.026,0.440,10.764,0.000,14,-14,9
300.482,1.039,0.474,10.740,0.000,13,-13,7
300.533,1.039,0.474,10.728,0.000,15,-15,7
300.584,1.024,0.508,10.728,0.000,15,-14,6
300.635,1.024,0.508,10.720,0.000,14,-15,6
300.686,1.024,0.508,10.692,0.000,15,-14,7
300.737,0.996,0.521,10.669,0.000,15,-15,6
300.788,0.996,0.521,10.635,0.000,15,-14,7
300.839,0.968,0.524,10.635,0.000,15,-15,6
300.890,0.968,0.524,10.622,0.000,15,-15,6
300.941,0.968,0.524,10.610,0.000,15,-15,6
300.992,0.929,0.520,10.570,0.000,15,-15,6
301.043,0.929,0.520,10.570,0.000,15,-14,6
301.094,0.929,0.520,10.570,0.000,16,-15,6
301.145,0.891,0.506,10.526,0.000,15,-15,6
301.196,0.891,0.506,10.485,0.000,15,-15,6
301.247,0.850,0.494,10.476,0.000,15,-15,6
301.298,0.850,0.494,10.476,0.000,15,-15,5
301.349,0.850,0.494,10.459,0.000,16,-15,7
301.400,0.807,0.485,10.445,0.000,15,-15,6
301.451,0.807,0.485,10.394,0.000,15,-15,6
301.502,0.763,0.480,10.398,0.000,16,-16,6
301.604,0.763,0.480,10.366,0.000,16,-15,6
301.655,0.721,0.480,10.348,0.000,15,-15,6
301.706,0.721,0.480,10.316,0.000,15,-15,6
301.757,0.721,0.480,10.316,0.000,16,-16,5
301.808,0.678,0.478,10.302,0.000,15,-15,7
301.859,0.678,0.478,10.279,0.000,16,-15,6
301.910,0.638,0.478,10.252,0.000,15,-15,5
301.961,0.638,0.478,10.221,0.000,16,-16,6
302.012,0.638,0.478,10.221,0.000,16,-15,6
302.063,0.598,0.475,10.207,0.000,15,-16,6
302.114,0.598,0.475,10.193,0.000,16,-15,6
302.165,0.598,0.475,10.171,0.000,15,-15,6
302.216,0.598,0.475,10.171,0.000,16,-16,6
302.267,0.598,0.475,10.134,0.000,16,-15,6
302.318,0.598,0.475,10.127,0.000,15,-16,5
302.369,0.598,0.475,10.098,0.000,16,-15,6
302.420,0.485,0.477,10.064,0.000,16,-16,6
302.471,0.485,0.477,10.064,0.000,15,-15,6
302.522,0.485,0.477,10.041,0.000,16,-16,7
302.573,0.430,0.482,10.022,0.000,16,-15,5
302.624,0.430,0.482,10.008,0.000,15,-16,6
302.675,0.430,0.482,10.008,0.000,16,-15,6
302.726,0.369,0.492,9.977,0.000,15,-16,6
302.777,0.369,0.492,9.962,0.000,16,-16,6
302.828,0.321,0.503,9.940,0.000,16,-15,6
302.879,0.321,0.503,9.909,0.000,16,-16,6
302.930,0.321,0.503,9.909,0.000,16,-16,6
302.981,0.279,0.526,9.900,0.000,15,-15,6
303.032,0.279,0.526,9.884,0.000,16,-16,6
303.083,0.231,0.543,9.863,0.000,16,-15,6
303.134,0.231,0.543,9.842,0.000,16,-16,6
303.236,0.194,0.559,9.831,0.000,16,-15,5
303.288,0.194,0.559,9.810,0.000,16,-16,-6
303.339,0.194,0.559,9.844,0.000,16,-15,-10
303.390,0.162,0.575,9.844,0.000,15,-15,-10
303.441,0.162,0.575,9.853,0.000,16,-14,-10
303.492,0.122,0.582,9.904,0.000,16,-13,-11
303.543,0.122,0.582,9.919,0.000,16,-14,-10
303.594,0.122,0.582,9.947,0.000,15,-12,-10
303.645,0.078,0.592,9.947,0.000,16,-13,-9
303.696,0.078,0.592,9.975,0.000,16,-12,-10
303.747,0.036,0.592,10.021,0.000,16,-11,-8
303.798,0.036,0.592,10.035,0.000,16,-11,-9
303.849,0.036,0.592,10.035,0.000,16,-11,-9
303.900,-0.018,0.586,10.033,0.000,16,-10,-9
303.951,-0.018,0.586,10.050,0.000,16,-10,-8
304.002,-0.064,0.555,10.081,0.000,16,-9,-9
304.053,-0.064,0.555,10.106,0.000,16,-10,-8
304.104,-0.064,0.555,10.106,0.000,15,-9,-9
304.155,-0.107,0.530,10.107,0.000,17,-9,-8
304.206,-0.107,0.530,10.119,0.000,15,-8,-8
304.257,-0.107,0.530,10.144,0.000,16,-9,-9
304.308,-0.107,0.530,10.144,0.000,16,-9,-7
304.359,-0.107,0.530,10.144,0.000,16,-8,-9
304.410,-0.159,0.501,10.160,0.000,16,-9,-8
304.461,-0.159,0.501,10.175,0.000,16,-8,-9
304.512,-0.159,0.501,10.188,0.000,16,-9,-8
304.563,-0.159,0.501,10.188,0.000,16,-8,-7
304.614,-0.159,0.501,10.200,0.000,16,-8,-9
304.665,-0.211,0.464,10.203,0.000,16,-8,-8
304.716,-0.211,0.464,10.232,0.000,16,-8,-8
304.767,-0.211,0.464,10.247,0.000,16,-9,-8
304.818,-0.259,0.447,10.247,0.000,16,-8,-8
304.869,-0.259,0.447,10.267,0.000,16,-8,-8
304.920,-0.259,0.447,10.252,0.000,16,-8,-8
304.971,-0.300,0.417,10.272,0.000,16,-8,-9
305.022,-0.300,0.417,10.272,0.000,15,-8,-8
305.073,-0.300,0.417,10.298,0.000,16,-8,-8
305.124,-0.300,0.417,10.308,0.000,16,-8,-8
305.175,-0.300,0.417,10.308,0.000,16,-8,-8
305.226,-0.347,0.383,10.313,0.000,16,-9,-8
305.277,-0.347,0.383,10.313,0.000,16,-8,-8
305.379,-0.379,0.360,10.318,0.000,16,-8,-8
305.430,-0.379,0.360,10.345,0.000,16,-8,-8
305.481,-0.411,0.329,10.345,0.000,16,-8,-9
305.532,-0.411,0.329,10.340,0.000,16,-8,-7
305.583,-0.460,0.300,10.334,0.000,16,-8,-9
305.634,-0.460,0.300,10.329,0.000,15,-8,-8
305.685,-0.460,0.300,10.357,0.000,16,-8,-7
305.736,-0.491,0.279,10.357,0.000,16,-9,-8
305.787,-0.491,0.279,10.362,0.000,16,-8,-8
305.838,-0.491,0.279,10.347,0.000,16,-8,-8
305.889,-0.526,0.253,10.373,0.000,16,-8,-9
305.940,-0.526,0.253,10.373,0.000,16,-9,-8
305.991,-0.559,0.231,10.386,0.000,16,-8,-8
306.042,-0.559,0.231,10.386,0.000,16,-8,-8
306.093,-0.559,0.231,10.398,0.000,16,-8,-8
306.144,-0.581,0.208,10.404,0.000,15,-8,-8
306.195,-0.581,0.208,10.404,0.000,17,-9,-8
306.246,-0.611,0.188,10.404,0.000,16,-9,-8
306.299,-0.611,0.188,10.417,0.000,16,-8,-9
306.350,-0.611,0.188,10.427,0.000,16,-8,-8
306.401,-0.651,0.169,10.444,0.000,16,-8,-8
306.452,-0.651,0.169,10.444,0.000,17,-8,-8
306.503,-0.651,0.169,10.446,0.000,16,-9,-8
306.554,-0.651,0.169,10.452,0.000,16,-7,-8
306.605,-0.651,0.169,10.453,0.000,16,-8,-9
306.656,-0.651,0.169,10.453,0.000,16,-8,-8
306.707,-0.651,0.169,10.468,0.000,16,-9,-8
306.758,-0.651,0.169,10.463,0.000,16,-8,-8
306.809,-0.710,0.137,10.467,0.000,16,-8,-8
306.860,-0.710,0.137,10.488,0.000,16,-8,-9
306.911,-0.754,0.095,10.488,0.000,16,-8,-8
306.962,-0.754,0.095,10.483,0.000,16,-8,-8
307.013,-0.754,0.095,10.496,0.000,16,-8,-8
307.064,-0.802,0.053,10.518,0.000,16,-9,-8
307.115,-0.802,0.053,10.518,0.000,17,-8,-9
307.166,-0.827,0.008,10.526,0.000,16,-8,-8
307.217,-0.827,0.008,10.537,0.000,16,-8,-8
307.268,-0.827,0.008,10.525,0.000,16,-8,-8
307.319,-0.847,-0.028,10.532,0.000,16,-8,-8
307.370,-0.847,-0.028,10.532,0.000,16,-8,-8
307.421,-0.847,-0.028,10.580,0.000,16,-8,-8
307.472,-0.885,-0.051,10.574,0.000,16,-9,-8
307.523,-0.885,-0.051,10.570,0.000,16,-8,-8
307.574,-0.914,-0.083,10.599,0.000,17,-8,-8
307.625,-0.914,-0.083,10.599,0.000,16,-8,-9
307.676,-0.914,-0.083,10.609,0.000,16,-8,-8
307.727,-0.970,-0.126,10.601,0.000,16,-8,-8
307.779,-0.970,-0.126,10.605,0.000,17,1,-12
307.882,-1.003,-0.163,10.585,0.000,17,9,-14
307.933,-1.003,-0.163,10.571,0.000,16,9,-15
307.984,-1.042,-0.214,10.528,0.000,16,8,-15
308.036,-1.042,-0.214,10.515,0.000,13,13,-15
308.087,-1.042,-0.214,10.515,0.000,11,13,-14
308.138,-1.059,-0.244,10.491,0.000,9,14,-14
308.189,-1.059,-0.244,10.466,0.000,6,14,-14
308.240,-1.052,-0.268,10.466,0.000,4,14,-15
308.291,-1.052,-0.268,10.466,0.000,4,14,-14
308.342,-1.052,-0.268,10.449,0.000,3,14,-14
308.393,-1.028,-0.298,10.455,0.000,2,15,-14
308.444,-1.028,-0.298,10.434,0.000,2,14,-14
308.495,-1.028,-0.298,10.439,0.000,1,14,-14
308.546,-1.028,-0.298,10.439,0.000,1,14,-14
308.597,-1.028,-0.298,10.463,0.000,0,14,-15
308.648,-0.821,-0.344,10.451,0.000,0,14,-13
308.699,-0.821,-0.344,10.454,0.000,0,15,-15
308.750,-0.814,-0.371,10.452,0.000,0,14,-14
308.801,-0.814,-0.371,10.452,0.000,0,14,-14
308.852,-0.814,-0.371,10.441,0.000,0,14,-14
308.903,-0.825,-0.376,10.436,0.000,0,14,-14
308.954,-0.825,-0.376,10.442,0.000,0,15,-14
309.005,-0.825,-0.376,10.442,0.000,0,14,-14
309.056,-0.825,-0.376,10.461,0.000,0,14,-14
309.107,-0.825,-0.376,10.429,0.000,0,14,-15
309.158,-0.803,-0.415,10.444,0.000,-1,14,-14
309.209,-0.803,-0.415,10.433,0.000,0,14,-14
309.260,-0.803,-0.415,10.433,0.000,0,14,-14
309.311,-0.951,-0.469,10.440,0.000,0,15,-14
309.362,-0.951,-0.469,10.415,0.000,0,14,-14
309.413,-0.920,-0.504,10.412,0.000,0,13,-14
309.464,-0.920,-0.504,10.412,0.000,0,15,-14
309.515,-0.920,-0.504,10.411,0.000,0,14,-14
309.566,-0.920,-0.504,10.399,0.000,0,14,-14
309.617,-0.920,-0.504,10.390,0.000,0,14,-14
309.668,-0.920,-0.504,10.378,0.000,0,14,-14
309.719,-0.882,-0.585,10.378,0.000,0,14,-14
309.770,-0.882,-0.585,10.362,0.000,0,14,-14
309.821,-0.856,-0.629,10.356,0.000,0,14,-14
309.872,-0.856,-0.629,10.346,0.000,0,14,-14
309.923,-0.856,-0.629,10.346,0.000,0,14,-14
309.974,-0.829,-0.665,10.356,0.000,0,14,-14
310.025,-0.829,-0.665,10.324,0.000,0,14,-15
310.076,-0.802,-0.694,10.318,0.000,0,15,-14
310.127,-0.802,-0.694,10.307,0.000,0,14,-14
310.178,-0.802,-0.694,10.307,0.000,0,14,-14
310.280,-0.802,-0.694,10.249,0.000,0,14,-14
310.331,-0.802,-0.694,10.260,0.000,0,14,-14
310.382,-0.802,-0.694,10.245,0.000,0,15,-15
310.433,-0.802,-0.694,10.245,0.000,0,14,-14
310.484,-0.772,-0.745,10.230,0.000,0,14,-14
310.535,-0.772,-0.745,10.215,0.000,0,14,-14
310.586,-0.772,-0.745,10.220,0.000,0,14,-14
310.637,-0.772,-0.745,10.220,0.000,0,14,-14
310.688,-0.772,-0.745,10.189,0.000,0,14,-14
310.739,-0.758,-0.815,10.193,0.000,0,14,-14
310.790,-0.758,-0.815,10.152,0.000,0,14,-14
310.841,-0.758,-0.815,10.147,0.000,0,14,-14
310.892,-0.724,-0.871,10.147,0.000,0,14,-14
310.943,-0.724,-0.871,10.138,0.000,0,15,-15
310.994,-0.688,-0.953,10.123,0.000,0,14,-14
311.045,-0.688,-0.953,10.136,0.000,0,14,-14
311.096,-0.688,-0.953,10.136,0.000,0,14,-14
311.147,-0.657,-0.997,10.112,0.000,0,14,-14
311.198,-0.657,-0.997,10.098,0.000,0,14,-14
311.249,-0.657,-0.997,10.108,0.000,0,15,-14
311.300,-0.612,-1.020,10.105,0.000,0,14,-14
311.351,-0.612,-1.020,10.105,0.000,0,14,-14
311.402,-0.587,-1.063,10.097,0.000,0,14,-14
311.453,-0.587,-1.063,10.088,0.000,0,14,-15
311.504,-0.587,-1.063,10.082,0.000,0,14,-13
311.555,-0.569,-1.103,10.082,0.000,0,14,-15
311.606,-0.569,-1.103,10.078,0.000,0,15,-14
311.759,-0.553,-1.131,10.069,0.000,0,14,-14
311.861,-0.532,-1.162,10.053,0.000,0,14,-14
311.912,-0.532,-1.162,10.064,0.000,0,14,-15
311.963,-0.509,-1.194,10.057,0.000,0,15,-14
312.014,-0.509,-1.194,10.058,0.000,0,14,-14
312.065,-0.509,-1.194,10.058,0.000,0,14,-14
312.116,-0.509,-1.194,10.048,0.000,0,14,-14
312.167,-0.509,-1.194,10.057,0.000,0,14,-14
312.218,-0.452,-1.260,10.058,0.000,0,14,-14
312.269,-0.452,-1.260,10.058,0.000,0,14,-14
312.371,-0.429,-1.295,10.064,0.000,0,14,-15
312.422,-0.429,-1.295,10.064,0.000,-9,14,-11
312.473,-0.407,-1.327,10.080,0.000,-13,15,-9
312.524,-0.407,-1.327,10.080,0.000,-14,14,-6
312.575,-0.387,-1.356,10.087,0.000,-15,15,-7
312.626,-0.387,-1.356,10.107,0.000,-15,15,-6
312.677,-0.387,-1.356,10.099,0.000,-15,15,-5
312.728,-0.367,-1.381,10.099,0.000,-16,15,-6
312.779,-0.367,-1.381,10.116,0.000,-15,15,-7
312.830,-0.367,-1.381,10.136,0.000,-15,15,-6
312.881,-0.341,-1.398,10.145,0.000,-15,15,-6
312.932,-0.341,-1.398,10.155,0.000,-15,15,-6
312.983,-0.307,-1.406,10.155,0.000,-15,16,-6
313.034,-0.307,-1.406,10.169,0.000,-16,15,-6
313.085,-0.307,-1.406,10.164,0.000,-15,15,-6
313.136,-0.268,-1.413,10.191,0.000,-15,15,-6
313.187,-0.268,-1.413,10.191,0.000,-16,15,-5
313.238,-0.222,-1.417,10.208,0.000,-15,15,-7
313.289,-0.222,-1.417,10.223,0.000,-16,16,-6
313.340,-0.222,-1.417,10.236,0.000,-15,15,-6
313.392,-0.171,-1.412,10.244,0.000,-16,16,-1
313.496,-0.171,-1.412,10.211,0.000,-16,16,7
313.548,-0.129,-1.413,10.188,0.000,-16,14,9
313.599,-0.129,-1.413,10.163,0.000,-15,13,10
313.650,-0.099,-1.405,10.124,0.000,-16,12,11
313.701,-0.099,-1.405,10.124,0.000,-16,12,10
313.752,-0.099,-1.405,10.095,0.000,-15,11,10
313.803,-0.063,-1.378,10.076,0.000,-16,10,10
313.905,-0.030,-1.359,10.054,0.000,-15,10,9
313.956,-0.030,-1.359,10.033,0.000,-16,10,9
314.007,-0.030,-1.359,10.023,0.000,-16,9,9
314.058,0.020,-1.336,10.004,0.000,-16,10,8
314.109,0.020,-1.336,9.995,0.000,-15,8,9
314.160,0.078,-1.304,9.995,0.000,-16,9,8
314.264,0.078,-1.304,9.996,0.000,-17,-3,13
314.315,0.109,-1.287,10.004,0.000,-15,-8,13
314.366,0.109,-1.287,10.031,0.000,-16,-9,14
314.417,0.109,-1.287,10.031,0.000,-16,-8,15
314.468,0.126,-1.262,10.051,0.000,-16,-9,15
314.519,0.126,-1.262,10.084,0.000,-16,-7,15
314.570,0.133,-1.229,10.085,0.000,-15,-8,15
314.621,0.133,-1.229,10.085,0.000,-16,-8,15
314.672,0.133,-1.229,10.117,0.000,-16,-7,15
314.774,0.131,-1.200,10.163,0.000,-15,-7,15
314.825,0.131,-1.166,10.160,0.000,-16,-6,15
314.876,0.131,-1.166,10.160,0.000,-16,-7,16
314.927,0.131,-1.166,10.207,0.000,-16,-6,15
314.978,0.145,-1.126,10.220,0.000,-15,-7,15
315.029,0.145,-1.126,10.251,0.000,-16,-6,16
315.080,0.145,-1.126,10.251,0.000,-16,-6,15
315.131,0.148,-1.086,10.241,0.000,-16,-7,16
315.182,0.148,-1.086,10.256,0.000,-15,-6,15
315.233,0.148,-1.086,10.295,0.000,-16,-6,15
315.284,0.148,-1.086,10.320,0.000,-16,-7,16
315.335,0.148,-1.086,10.320,0.000,-16,-6,16
315.386,0.128,-1.046,10.320,0.000,-16,-6,15
315.437,0.128,-1.046,10.343,0.000,-15,-6,16
315.488,0.128,-1.046,10.374,0.000,-16,-6,15
315.539,0.128,-1.046,10.374,0.000,-16,-5,16
315.590,0.128,-1.046,10.402,0.000,-16,-7,16
315.641,0.126,-0.979,10.396,0.000,-16,-6,16
315.692,0.126,-0.979,10.411,0.000,-16,-5,15
315.794,0.101,-0.919,10.439,0.000,-16,-6,16
315.845,0.101,-0.919,10.454,0.000,-16,-5,15
315.896,0.074,-0.858,10.468,0.000,-16,-7,16
315.947,0.074,-0.858,10.494,0.000,-15,-5,16
315.998,0.074,-0.858,10.510,0.000,-16,-6,15
316.049,0.074,-0.793,10.510,0.000,-16,-6,16
316.100,0.074,-0.793,10.521,0.000,-16,-6,16
316.151,0.054,-0.753,10.543,0.000,-17,-5,16
316.203,0.054,-0.753,10.566,0.000,-16,-3,16
316.254,0.054,-0.753,10.566,0.000,-16,-1,16
316.358,0.044,-0.710,10.572,0.000,-16,5,16
316.410,0.033,-0.669,10.542,0.000,-16,9,15
316.461,0.033,-0.669,10.535,0.000,-15,10,14
316.512,0.033,-0.669,10.535,0.000,-16,11,13
316.563,0.019,-0.628,10.506,0.000,-16,10,12
316.614,0.019,-0.628,10.490,0.000,-16,10,12
316.665,0.019,-0.628,10.478,0.000,-17,10,10
316.716,0.010,-0.588,10.461,0.000,-16,10,11
316.767,0.010,-0.588,10.461,0.000,-16,9,10
316.869,0.006,-0.543,10.444,0.000,-17,9,9
316.921,0.006,-0.543,10.453,0.000,-16,-2,13
316.972,0.011,-0.498,10.453,0.000,-16,-8,13
317.023,0.011,-0.498,10.472,0.000,-16,-7,14
317.074,0.011,-0.498,10.502,0.000,-16,-8,15
317.125,0.011,-0.498,10.538,0.000,-16,-8,15
317.176,0.011,-0.498,10.567,0.000,-16,-8,15
317.227,0.020,-0.448,10.567,0.000,-16,-8,15
317.278,0.020,-0.448,10.613,0.000,-17,-7,16
317.329,0.023,-0.402,10.633,0.000,-15,-7,15
317.380,0.023,-0.402,10.662,0.000,-17,-7,15
317.431,0.023,-0.402,10.662,0.000,-15,-7,16
317.482,0.022,-0.356,10.683,0.000,-16,-6,15
317.533,0.022,-0.356,10.710,0.000,-17,-6,15
317.584,0.022,-0.356,10.739,0.000,-16,-6,16
317.635,0.006,-0.309,10.773,0.000,-16,-6,15
317.686,0.006,-0.309,10.773,0.000,-16,-7,15
317.788,-0.013,-0.269,10.826,0.000,-16,-6,15
317.892,-0.033,-0.228,10.827,0.000,-15,6,15
317.943,-0.033,-0.228,10.827,0.000,-16,9,14
317.994,-0.060,-0.193,10.808,0.000,-16,10,13
318.045,-0.060,-0.193,10.795,0.000,-16,11,12
318.096,-0.060,-0.193,10.782,0.000,-16,10,10
318.147,-0.079,-0.158,10.782,0.000,-16,10,11
318.198,-0.079,-0.158,10.771,0.000,-16,10,10
318.249,-0.093,-0.119,10.761,0.000,-16,9,9
318.300,-0.093,-0.119,10.763,0.000,-17,10,9
318.352,-0.093,-0.119,10.753,0.000,-16,12,0
318.404,-0.102,-0.078,10.753,0.000,-17,13,-7
318.455,-0.102,-0.078,10.783,0.000,-16,14,-9
318.506,-0.102,-0.078,10.808,0.000,-16,15,-8
318.557,-0.102,-0.078,10.840,0.000,-16,15,-8
318.608,-0.102,-0.078,10.840,0.000,-16,14,-8
318.659,-0.093,-0.027,10.849,0.000,-16,15,-7
318.710,-0.093,-0.027,10.879,0.000,-16,15,-7
318.761,-0.093,-0.027,10.921,0.000,-16,15,-7
318.812,-0.074,0.019,10.954,0.000,-16,15,-7
318.914,-0.044,0.059,10.986,0.000,-16,15,-7
318.966,-0.044,0.059,10.982,0.000,-15,15,-10
319.017,-0.044,0.059,11.044,0.000,-15,15,-11
319.069,-0.003,0.095,11.067,0.000,-8,15,-13
319.120,-0.003,0.095,11.067,0.000,-4,15,-13
319.171,-0.003,0.095,11.073,0.000,-5,15,-13
319.222,-0.003,0.095,11.096,0.000,-4,14,-14
319.273,-0.003,0.095,11.099,0.000,-3,15,-14
319.324,0.040,0.126,11.099,0.000,-2,15,-14
319.375,0.040,0.126,11.095,0.000,-2,14,-13
319.426,0.040,0.126,11.110,0.000,-2,15,-14
319.477,0.086,0.152,11.111,0.000,-1,14,-14
319.528,0.086,0.152,11.130,0.000,-2,15,-14
319.579,0.086,0.152,11.130,0.000,-1,14,-14
319.630,0.086,0.152,11.133,0.000,0,14,-13
319.681,0.086,0.152,11.132,0.000,0,15,-14
319.732,-0.545,-0.537,11.145,0.000,0,14,-14
319.783,-0.545,-0.537,11.145,0.000,0,15,-13
319.834,-0.545,-0.537,11.141,0.000,0,14,-14
319.987,0.334,-1.214,11.148,0.000,0,15,-13
320.038,0.334,-1.214,11.148,0.000,0,14,-14
320.089,0.334,-1.214,11.165,0.000,1,15,-14
320.140,0.334,-1.214,11.154,0.000,0,14,-14
320.191,0.334,-1.214,11.171,0.000,0,14,-14
320.242,0.334,-1.214,11.174,0.000,0,15,-14
320.293,0.334,-1.214,11.174,0.000,0,14,-14
320.344,0.334,-1.214,11.179,0.000,0,15,-15
320.395,1.136,-0.462,11.173,0.000,0,14,-14
320.497,1.136,-0.462,11.181,0.000,0,14,-14
320.548,1.136,-0.462,11.176,0.000,0,14,-14
320.599,1.136,-0.462,11.186,0.000,0,15,-14
320.650,0.426,0.253,11.197,0.000,0,14,-14
320.701,0.426,0.253,11.199,0.000,0,15,-14
320.752,0.426,0.253,11.199,0.000,0,14,-15
320.803,0.471,0.263,11.191,0.000,0,15,-14
320.854,0.471,0.263,11.194,0.000,0,14,-14
320.905,0.514,0.270,11.193,0.000,0,14,-14
320.956,0.514,0.270,11.193,0.000,0,14,-14
321.007,0.514,0.270,11.197,0.000,0,15,-14
321.058,0.557,0.279,11.210,0.000,0,14,-14
321.109,0.557,0.279,11.204,0.000,0,14,-14
321.160,0.599,0.283,11.220,0.000,-7,15,-14
321.212,0.599,0.283,11.220,0.000,-11,14,-12
321.264,0.599,0.283,11.247,0.000,-12,15,-11
321.315,0.642,0.288,11.269,0.000,-14,15,-8
321.366,0.642,0.288,11.296,0.000,-15,15,-6
321.417,0.683,0.296,11.296,0.000,-15,15,-5
321.468,0.683,0.296,11.296,0.000,-15,15,-6
321.519,0.683,0.296,11.336,0.000,-15,16,-6
321.570,0.718,0.312,11.342,0.000,-15,15,-5
321.621,0.718,0.312,11.366,0.000,-16,15,-6
321.672,0.718,0.312,11.366,0.000,-15,15,-6
321.723,0.747,0.335,11.383,0.000,-15,15,-5
321.775,0.747,0.335,11.398,0.000,-16,16,-4
321.827,0.747,0.335,11.422,0.000,-15,15,-3
321.879,0.747,0.335,11.413,0.000,-15,16,1
321.930,0.747,0.335,11.413,0.000,-16,15,0
321.981,0.797,0.406,11.409,0.000,-15,15,1
322.033,0.797,0.406,11.389,0.000,-15,16,3
322.085,0.812,0.444,11.382,0.000,-16,15,7
322.137,0.812,0.444,11.357,0.000,-15,14,10
322.188,0.812,0.444,11.357,0.000,-16,12,10
322.239,0.825,0.482,11.329,0.000,-15,12,10
322.290,0.825,0.482,11.304,0.000,-16,11,11
322.341,0.829,0.528,11.283,0.000,-16,11,9
322.392,0.829,0.528,11.283,0.000,-15,10,10
322.443,0.829,0.528,11.281,0.000,-16,10,9
322.494,0.826,0.571,11.247,0.000,-16,9,9
322.545,0.826,0.571,11.243,0.000,-15,10,9
322.596,0.826,0.571,11.223,0.000,-16,9,8
322.647,0.821,0.614,11.223,0.000,-15,9,9
322.698,0.821,0.614,11.227,0.000,-16,9,8
322.749,0.812,0.661,11.220,0.000,-16,9,9
322.800,0.812,0.661,11.215,0.000,-15,9,8
322.851,0.812,0.661,11.215,0.000,-16,8,9
322.902,0.805,0.701,11.227,0.000,-16,9,8
322.953,0.805,0.701,11.214,0.000,-15,8,8
323.004,0.805,0.701,11.193,0.000,-16,9,8
323.106,0.805,0.701,11.183,0.000,-15,8,9
323.157,0.805,0.701,11.171,0.000,-16,8,8
323.208,0.805,0.701,11.181,0.000,-16,8,8
323.259,0.805,0.701,11.191,0.000,-16,9,8
323.310,0.797,0.763,11.191,0.000,-16,8,9
323.361,0.797,0.763,11.177,0.000,-15,8,8
323.412,0.792,0.827,11.182,0.000,-16,8,8
323.464,0.792,0.827,11.163,0.000,-17,11,2
323.516,0.792,0.827,11.183,0.000,-16,13,-8
323.567,0.788,0.890,11.183,0.000,-16,13,-11
323.618,0.788,0.890,11.230,0.000,-15,15,-9
323.669,0.785,0.949,11.274,0.000,-16,14,-9
323.720,0.785,0.949,11.304,0.000,-16,15,-8
323.771,0.785,0.949,11.348,0.000,-15,15,-9
323.822,0.795,0.985,11.348,0.000,-17,15,-7
323.874,0.795,0.985,11.390,0.000,-15,15,-9
323.926,0.808,1.020,11.419,0.000,-15,15,-12
323.979,0.808,1.020,11.449,0.000,-13,15,-12
324.030,0.808,1.020,11.484,0.000,-11,15,-12
324.081,0.828,1.056,11.484,0.000,-10,15,-12
324.132,0.828,1.056,11.519,0.000,-10,15,-12
324.183,0.828,1.056,11.535,0.000,-8,15,-12
324.234,0.853,1.091,11.570,0.000,-8,15,-12
324.285,0.853,1.091,11.570,0.000,-8,15,-12
324.336,0.880,1.126,11.592,0.000,-7,16,-11
324.387,0.880,1.126,11.599,0.000,-8,15,-12
324.438,0.880,1.126,11.626,0.000,-6,15,-11
324.489,0.909,1.159,11.623,0.000,-1,15,-13
324.540,0.909,1.159,11.623,0.000,1,15,-13
324.591,0.937,1.187,11.614,0.000,0,15,-13
324.642,0.937,1.187,11.634,0.000,-2,15,-14
324.693,0.937,1.187,11.626,0.000,-1,14,-14
324.744,0.967,1.210,11.626,0.000,1,15,-13
324.795,0.967,1.210,11.628,0.000,0,15,-14
324.846,0.967,1.210,11.623,0.000,0,15,-14
324.897,0.999,1.236,11.643,0.000,0,14,-13
324.948,0.999,1.236,11.639,0.000,0,15,-14
325.000,1.033,1.256,11.639,0.000,11,13,-15
325.051,1.033,1.256,11.640,0.000,14,11,-14
325.102,1.033,1.256,11.617,0.000,13,10,-15
325.153,1.063,1.267,11.585,0.000,15,8,-15
325.205,1.063,1.267,11.571,0.000,15,3,-15
325.257,1.084,1.265,11.571,0.000,14,-6,-15
325.309,1.084,1.265,11.589,0.000,15,-10,-14
325.360,1.084,1.265,11.602,0.000,16,-9,-12
325.411,1.119,1.268,11.602,0.000,15,-10,-10
325.462,1.119,1.268,11.602,0.000,16,-10,-10
325.513,1.153,1.263,11.636,0.000,15,-9,-10
325.564,1.153,1.263,11.632,0.000,15,-8,-9
325.615,1.153,1.263,11.624,0.000,16,-9,-10
325.666,1.187,1.245,11.622,0.000,15,-8,-9
325.717,1.187,1.245,11.622,0.000,16,-8,-9
325.768,1.229,1.232,11.643,0.000,15,-7,-9
325.819,1.229,1.232,11.641,0.000,16,-8,-9
325.870,1.229,1.232,11.648,0.000,15,-8,-9
325.921,1.248,1.190,11.648,0.000,16,-7,-9
326.023,1.248,1.190,11.654,0.000,16,-8,-9
326.074,1.267,1.155,11.641,0.000,15,-8,-9
326.125,1.267,1.155,11.648,0.000,16,-7,-9
326.176,1.288,1.134,11.648,0.000,15,-8,-9
326.227,1.288,1.134,11.667,0.000,16,-7,-9
326.278,1.288,1.134,11.665,0.000,16,-7,-9
326.329,1.313,1.102,11.666,0.000,15,-8,-9
326.380,1.313,1.102,11.666,0.000,16,-8,-8
326.431,1.340,1.069,11.673,0.000,15,-9,-8
326.482,1.340,1.069,11.692,0.000,16,-8,-8
326.533,1.340,1.069,11.693,0.000,16,-8,-8
326.584,1.363,1.038,11.702,0.000,16,-9,-8
326.635,1.363,1.038,11.702,0.000,15,-8,-8
326.686,1.363,1.038,11.717,0.000,16,-8,-9
326.737,1.394,1.001,11.723,0.000,16,-8,-8
326.788,1.394,1.001,11.742,0.000,15,-8,-8
326.839,1.414,0.968,11.755,0.000,16,-9,-8
326.890,1.414,0.968,11.755,0.000,16,-8,-8
326.941,1.414,0.968,11.766,0.000,15,-8,-8
326.992,1.440,0.945,11.779,0.000,16,-8,-8
327.094,1.463,0.913,11.784,0.000,15,-8,-8
327.145,1.463,0.913,11.808,0.000,16,-8,-8
327.196,1.463,0.913,11.821,0.000,16,-8,-8
327.247,1.476,0.870,11.834,0.000,16,-8,-8
327.298,1.476,0.870,11.844,0.000,16,-8,-8
327.349,1.476,0.870,11.844,0.000,15,-8,-8
327.400,1.501,0.843,11.858,0.000,16,-9,-8
327.451,1.501,0.843,11.888,0.000,16,-8,-9
327.502,1.523,0.808,11.913,0.000,16,-8,-7
327.553,1.523,0.808,11.913,0.000,16,-8,-9
327.604,1.523,0.808,11.913,0.000,16,-8,-8
327.656,1.544,0.771,11.946,0.000,16,-10,-7
327.707,1.544,0.771,11.936,0.000,15,-10,-5
327.758,1.572,0.743,11.944,0.000,16,-11,-5
327.809,1.572,0.743,11.944,0.000,16,-10,-5
327.860,1.572,0.743,11.953,0.000,16,-12,-5
327.911,1.596,0.710,11.953,0.000,16,-10,-5
328.015,1.618,0.676,11.946,0.000,16,-12,0
328.066,1.618,0.676,11.946,0.000,16,-13,1
328.117,1.618,0.676,11.932,0.000,16,-15,0
328.168,1.639,0.643,11.917,0.000,16,-14,0
328.219,1.639,0.643,11.901,0.000,16,-15,0
328.271,1.639,0.643,11.901,0.000,16,-14,-1
328.322,1.630,0.610,11.891,0.000,16,-15,0
328.373,1.630,0.610,11.887,0.000,16,-15,0
328.424,1.641,0.566,11.864,0.000,16,-14,0
328.526,1.641,0.566,11.827,0.000,16,-15,0
328.577,1.651,0.527,11.828,0.000,16,-15,5
328.628,1.651,0.527,11.773,0.000,16,-14,8
328.679,1.660,0.488,11.722,0.000,16,-15,7
328.730,1.660,0.488,11.722,0.000,16,-15,8
328.781,1.660,0.488,11.649,0.000,16,-15,7
328.832,1.696,0.447,11.609,0.000,16,-15,6
328.883,1.696,0.447,11.596,0.000,16,-15,7
328.934,1.697,0.408,11.552,0.000,16,-15,7
328.985,1.697,0.408,11.552,0.000,16,-15,6
329.036,1.697,0.408,11.510,0.000,16,-16,6
329.087,1.693,0.365,11.490,0.000,16,-15,6
329.138,1.693,0.365,11.466,0.000,16,-15,6
329.189,1.693,0.365,11.435,0.000,16,-15,6
329.240,1.686,0.323,11.442,0.000,16,-15,6
329.291,1.686,0.323,11.418,0.000,16,-15,6
329.444,1.657,0.280,11.390,0.000,16,-15,6
329.495,1.648,0.238,11.373,0.000,16,-16,7
329.546,1.648,0.238,11.344,0.000,16,-15,6
329.597,1.624,0.195,11.333,0.000,16,-15,6
329.648,1.624,0.195,11.319,0.000,16,-16,6
329.699,1.624,0.195,11.319,0.000,16,-15,5
329.750,1.597,0.152,11.318,0.000,16,-16,7
329.802,1.597,0.152,11.323,0.000,16,-15,8
329.854,1.597,0.152,11.290,0.000,10,-16,12
329.906,1.591,0.112,11.290,0.000,6,-15,13
329.957,1.591,0.112,11.303,0.000,6,-16,14
330.008,1.562,0.074,11.299,0.000,5,-15,14
330.059,1.562,0.074,11.309,0.000,3,-15,14
330.110,1.562,0.074,11.318,0.000,2,-15,13
330.161,1.525,0.041,11.318,0.000,2,-15,14
330.212,1.525,0.041,11.322,0.000,2,-15,14
330.263,1.495,0.010,11.325,0.000,0,-15,14
330.314,1.495,0.010,11.361,0.000,0,-15,14
330.365,1.495,0.010,11.366,0.000,0,-15,14
330.416,1.453,-0.006,11.366,0.000,0,-15,14
330.467,1.453,-0.006,11.374,0.000,0,-15,14
330.518,1.818,-0.367,11.376,0.000,0,-15,14
330.569,1.818,-0.367,11.387,0.000,0,-15,13
330.620,1.818,-0.367,11.387,0.000,0,-14,14
330.671,1.818,-0.367,11.381,0.000,0,-15,14
330.722,1.818,-0.367,11.395,0.000,-1,-15,14
330.773,1.818,-0.367,11.398,0.000,0,-15,14
330.824,1.818,-0.367,11.400,0.000,0,-15,14
330.875,1.818,-0.367,11.400,0.000,0,-15,14
330.926,1.770,-0.375,11.376,0.000,0,-14,14
330.977,1.770,-0.375,11.389,0.000,0,-15,14
331.028,1.770,-0.375,11.397,0.000,0,-15,14
331.130,1.713,-0.376,11.393,0.000,0,-15,13
331.181,1.655,-0.390,11.388,0.000,0,-15,14
331.232,1.655,-0.390,11.386,0.000,0,-14,14
331.283,1.655,-0.390,11.378,0.000,0,-15,15
331.334,1.188,-0.051,11.378,0.000,0,-14,14
331.385,1.188,-0.051,11.376,0.000,0,-15,13
331.436,1.188,-0.051,11.387,0.000,0,-14,15
331.487,1.149,-0.062,11.367,0.000,0,-15,14
331.538,1.149,-0.062,11.367,0.000,0,-14,14
331.589,1.149,-0.062,11.375,0.000,0,-15,14
331.640,1.149,-0.062,11.384,0.000,0,-14,14
331.691,1.149,-0.062,11.368,0.000,0,-15,14
331.742,1.073,-0.081,11.381,0.000,0,-14,14
331.793,1.073,-0.081,11.381,0.000,0,-14,14
331.844,1.035,-0.086,11.370,0.000,0,-15,14
331.895,1.035,-0.086,11.374,0.000,0,-14,14
331.946,1.035,-0.086,11.369,0.000,0,-15,14
331.997,0.996,-0.094,11.357,0.000,0,-14,14
332.048,0.996,-0.094,11.358,0.000,0,-14,14
332.099,0.956,-0.095,11.361,0.000,0,-15,14
332.150,0.956,-0.095,11.346,0.000,0,-14,14
332.201,0.956,-0.095,11.333,0.000,0,-14,14
332.252,0.918,-0.103,11.333,0.000,0,-15,14
332.303,0.918,-0.103,11.363,0.000,0,-14,14
332.354,0.918,-0.103,11.346,0.000,0,-14,14
332.405,0.881,-0.111,11.333,0.000,0,-15,14
332.456,0.881,-0.111,11.336,0.000,0,-14,14
332.507,0.846,-0.117,11.336,0.000,0,-14,14
332.558,0.846,-0.117,11.303,0.000,0,-14,14
332.609,0.846,-0.117,11.317,0.000,0,-15,14
332.660,0.804,-0.120,11.299,0.000,0,-14,14
332.711,0.804,-0.120,11.299,0.000,0,-14,15
332.762,0.764,-0.125,11.286,0.000,0,-14,14
332.813,0.764,-0.125,11.287,0.000,0,-14,14
332.864,0.764,-0.125,11.275,0.000,0,-15,14
332.915,0.728,-0.132,11.277,0.000,0,-13,14
332.966,0.728,-0.132,11.277,0.000,0,-15,13
333.017,0.728,-0.132,11.249,0.000,0,-14,14
333.068,0.688,-0.136,11.235,0.000,0,-14,14
333.119,0.688,-0.136,11.240,0.000,0,-14,14
333.170,0.652,-0.146,11.240,0.000,0,-15,14
333.221,0.652,-0.146,11.219,0.000,0,-14,15
333.272,0.652,-0.146,11.205,0.000,0,-14,14
333.323,0.614,-0.157,11.192,0.000,0,-14,14
333.374,0.614,-0.157,11.188,0.000,0,-14,14
333.425,0.573,-0.167,11.188,0.000,0,-14,14
333.476,0.573,-0.167,11.191,0.000,0,-14,14
333.527,0.573,-0.167,11.167,0.000,0,-14,14
333.578,0.536,-0.175,11.161,0.000,0,-15,14
333.629,0.536,-0.175,11.161,0.000,0,-14,15
333.680,0.495,-0.178,11.156,0.000,0,-14,14
333.731,0.495,-0.178,11.142,0.000,0,-14,14
333.782,0.495,-0.178,11.133,0.000,0,-14,14
333.833,0.454,-0.186,11.131,0.000,0,-14,14
333.884,0.454,-0.186,11.131,0.000,0,-14,15
333.936,0.454,-0.186,11.128,0.000,0,-15,14
333.987,0.454,-0.186,11.109,0.000,0,-14,14
334.038,0.454,-0.186,11.100,0.000,1,-14,14
334.089,0.407,-0.191,11.094,0.000,0,-14,14
334.140,0.407,-0.191,11.094,0.000,0,-14,14
334.191,0.407,-0.191,11.072,0.000,0,-14,15
334.242,0.357,-0.209,11.092,0.000,0,-14,14
334.293,0.357,-0.209,11.079,0.000,0,-15,14
334.344,0.310,-0.221,11.079,0.000,0,-14,14
334.395,0.310,-0.221,11.079,0.000,0,-14,14
334.446,0.310,-0.221,11.080,0.000,0,-14,14
334.600,0.310,-0.221,11.055,0.000,-7,-14,15
334.651,0.252,-0.238,11.062,0.000,-13,-11,14
334.702,0.252,-0.238,11.091,0.000,-13,-8,15
334.753,0.203,-0.247,11.117,0.000,-15,-7,15
334.804,0.203,-0.247,11.117,0.000,-15,-6,15
334.855,0.203,-0.247,11.154,0.000,-15,-6,15
334.906,0.155,-0.244,11.162,0.000,-15,-6,16
334.957,0.155,-0.244,11.176,0.000,-15,-7,15
335.008,0.109,-0.238,11.204,0.000,-15,-6,15
335.059,0.109,-0.238,11.204,0.000,-15,-5,15
335.110,0.109,-0.238,11.209,0.000,-16,-6,16
335.161,0.074,-0.218,11.241,0.000,-15,-6,15
335.212,0.074,-0.218,11.263,0.000,-15,-6,15
335.263,0.035,-0.199,11.292,0.000,-16,-6,16
335.314,0.035,-0.199,11.292,0.000,-15,-6,15
335.468,-0.001,-0.179,11.368,0.000,-15,-8,16
335.519,-0.001,-0.179,11.368,0.000,-10,-10,15
335.570,-0.043,-0.166,11.404,0.000,-8,-11,16
335.723,-0.085,-0.154,11.462,0.000,-7,-12,15
335.774,-0.085,-0.154,11.462,0.000,-6,-12,16
335.825,-0.124,-0.148,11.465,0.000,-6,-12,16
335.876,-0.124,-0.148,11.493,0.000,-6,-11,15
335.927,-0.161,-0.148,11.501,0.000,-7,-12,16
335.978,-0.161,-0.148,11.501,0.000,-5,-12,16
336.029,-0.161,-0.148,11.516,0.000,-6,-12,16
336.131,-0.197,-0.152,11.535,0.000,-6,-12,16
336.182,-0.197,-0.152,11.561,0.000,-5,-12,16
336.233,-0.234,-0.152,11.561,0.000,-6,-11,15
336.284,-0.234,-0.152,11.597,0.000,-6,-12,16
336.335,-0.270,-0.158,11.577,0.000,-5,-11,16
336.386,-0.270,-0.158,11.596,0.000,-5,-11,16
336.437,-0.270,-0.158,11.596,0.000,-6,-12,16
336.488,-0.309,-0.167,11.598,0.000,0,-12,16
336.539,-0.309,-0.167,11.593,0.000,1,-12,16
336.590,-0.344,-0.169,11.590,0.000,-1,-13,15
336.641,-0.344,-0.169,11.589,0.000,0,-14,15
336.692,-0.344,-0.169,11.589,0.000,1,-13,16
336.743,-0.383,-0.189,11.576,0.000,1,-13,15
336.794,-0.383,-0.189,11.594,0.000,0,-14,15
336.845,-0.383,-0.189,11.572,0.000,0,-14,15
336.896,-0.422,-0.205,11.574,0.000,0,-13,15
336.947,-0.422,-0.205,11.574,0.000,0,-14,15
336.998,-0.460,-0.219,11.589,0.000,0,-14,15
337.049,-0.460,-0.219,11.598,0.000,0,-13,15
337.100,-0.460,-0.219,11.585,0.000,0,-14,15
337.151,-0.501,-0.236,11.585,0.000,0,-14,15
337.202,-0.501,-0.236,11.613,0.000,0,-14,15
337.253,-0.536,-0.256,11.600,0.000,0,-14,15
337.304,-0.536,-0.256,11.604,0.000,0,-13,15
337.355,-0.536,-0.256,11.606,0.000,0,-15,15
337.407,-0.573,-0.280,11.606,0.000,10,-14,13
337.458,-0.573,-0.280,11.605,0.000,14,-14,12
337.509,-0.610,-0.302,11.595,0.000,13,-14,10
337.560,-0.610,-0.302,11.556,0.000,14,-15,9
337.611,-0.610,-0.302,11.556,0.000,15,-15,8
337.662,-0.646,-0.335,11.556,0.000,14,-14,8
337.713,-0.646,-0.335,11.526,0.000,15,-15,7
337.764,-0.646,-0.335,11.512,0.000,14,-15,7
337.815,-0.678,-0.356,11.484,0.000,15,-15,7
337.866,-0.678,-0.356,11.484,0.000,14,-15,7
337.917,-0.706,-0.380,11.503,0.000,15,-15,7
337.968,-0.706,-0.380,11.492,0.000,15,-15,7
338.019,-0.706,-0.380,11.480,0.000,14,-15,7
338.070,-0.732,-0.412,11.480,0.000,15,-15,7
338.121,-0.732,-0.412,11.447,0.000,14,-15,7
338.172,-0.755,-0.442,11.463,0.000,15,-16,7
338.223,-0.755,-0.442,11.443,0.000,14,-15,6
338.274,-0.755,-0.442,11.452,0.000,15,-15,7
338.325,-0.784,-0.482,11.452,0.000,15,-15,7
338.376,-0.784,-0.482,11.446,0.000,15,-16,7
338.427,-0.784,-0.482,11.424,0.000,14,-15,6
338.530,-0.807,-0.511,11.440,0.000,15,-15,0
338.582,-0.836,-0.546,11.440,0.000,16,-16,-4
338.634,-0.836,-0.546,11.451,0.000,14,-15,-8
338.685,-0.836,-0.546,11.512,0.000,15,-13,-11
338.736,-0.871,-0.587,11.539,0.000,15,-13,-10
338.787,-0.871,-0.587,11.539,0.000,16,-14,-2
338.838,-0.871,-0.587,11.559,0.000,15,-14,1
338.889,-0.871,-0.587,11.569,0.000,16,-15,-2
338.993,-0.884,-0.636,11.562,0.000,16,-15,8
339.044,-0.884,-0.636,11.562,0.000,15,-15,8
339.095,-0.906,-0.678,11.542,0.000,14,-15,10
339.146,-0.906,-0.678,11.512,0.000,14,-15,9
339.198,-0.906,-0.678,11.508,0.000,11,-16,11
339.250,-0.906,-0.678,11.493,0.000,1,-15,12
339.301,-0.906,-0.678,11.493,0.000,0,-16,13
339.352,-0.906,-0.678,11.496,0.000,0,-15,14
339.403,-0.933,-0.724,11.530,0.000,0,-15,14
339.454,-0.933,-0.724,11.506,0.000,-1,-14,15
339.505,-0.961,-0.627,11.506,0.000,0,-15,14
339.556,-0.961,-0.627,11.520,0.000,0,-15,14
339.607,-0.961,-0.627,11.518,0.000,0,-15,14
339.658,-0.961,-0.627,11.521,0.000,0,-15,14
339.709,-0.961,-0.627,11.530,0.000,0,-14,14
339.760,-0.961,-0.627,11.530,0.000,0,-15,14
339.862,-0.961,-0.627,11.508,0.000,0,-15,14
339.966,-0.961,-0.627,11.537,0.000,-11,-14,14
340.018,-1.045,-0.662,11.537,0.000,-13,-12,15
340.069,-1.045,-0.662,11.558,0.000,-14,-10,15
340.120,-1.045,-0.662,11.558,0.000,-14,-8,16
340.171,-1.121,-0.484,11.591,0.000,-15,-7,15
340.222,-1.121,-0.484,11.591,0.000,-15,-6,15
340.273,-1.121,-0.484,11.579,0.000,-15,-6,15
340.324,-1.189,-0.493,11.609,0.000,-16,-7,15
340.375,-1.189,-0.493,11.624,0.000,-15,-6,15
340.426,-1.189,-0.493,11.634,0.000,-15,-7,16
340.477,-1.189,-0.493,11.634,0.000,-15,-5,15
340.528,-1.189,-0.493,11.628,0.000,-15,-6,16
340.579,-1.265,-0.625,11.651,0.000,-16,-7,15
340.630,-1.265,-0.625,11.651,0.000,-15,-6,15
340.681,-1.303,-0.596,11.651,0.000,-15,-6,16
340.732,-1.303,-0.596,11.648,0.000,-16,-6,15
340.783,-1.303,-0.596,11.658,0.000,-15,-6,16
340.834,-1.344,-0.779,11.673,0.000,-15,-6,15
340.886,-1.344,-0.779,11.685,0.000,-16,-4,16
340.989,-1.382,-0.755,11.678,0.000,-15,0,15
341.040,-1.382,-0.755,11.662,0.000,-15,3,16
341.092,-1.416,-0.736,11.648,0.000,-16,5,16
341.144,-1.416,-0.736,11.609,0.000,-15,9,14
341.195,-1.416,-0.736,11.609,0.000,-16,10,12
341.246,-1.451,-0.714,11.564,0.000,-15,10,12
341.297,-1.451,-0.714,11.547,0.000,-16,10,11
341.348,-1.451,-0.714,11.529,0.000,-16,11,10
341.399,-1.451,-0.714,11.529,0.000,-15,9,10
341.450,-1.451,-0.714,11.507,0.000,-16,10,10
341.501,-1.518,-0.655,11.500,0.000,-16,9,9
341.552,-1.518,-0.655,11.473,0.000,-15,9,9
341.603,-1.541,-0.616,11.447,0.000,-16,9,9
341.654,-1.541,-0.616,11.447,0.000,-15,8,9
341.756,-1.541,-0.616,11.445,0.000,-16,8,9
341.807,-1.541,-0.616,11.403,0.000,-15,9,8
341.858,-1.541,-0.616,11.403,0.000,-16,8,9
341.909,-1.541,-0.616,11.417,0.000,-16,9,8
341.960,-1.541,-0.616,11.405,0.000,-15,8,8
342.011,-1.558,-0.558,11.412,0.000,-16,9,8
342.062,-1.558,-0.558,11.394,0.000,-16,8,9
342.113,-1.558,-0.558,11.394,0.000,-16,8,8
342.164,-1.581,-0.506,11.360,0.000,-15,8,8
342.215,-1.581,-0.506,11.369,0.000,-16,9,9
342.266,-1.601,-0.454,11.362,0.000,-16,8,8
342.317,-1.601,-0.454,11.357,0.000,-16,8,8
342.368,-1.601,-0.454,11.357,0.000,-16,8,8
342.419,-1.614,-0.392,11.359,0.000,-15,8,8
342.470,-1.614,-0.392,11.351,0.000,-16,9,8
342.521,-1.628,-0.353,11.329,0.000,-16,8,9
342.572,-1.628,-0.353,11.329,0.000,-16,8,8
342.623,-1.628,-0.353,11.334,0.000,-16,8,8
342.674,-1.632,-0.314,11.315,0.000,-15,8,8
342.725,-1.632,-0.314,11.323,0.000,-16,8,8
342.776,-1.632,-0.314,11.306,0.000,-16,8,8
342.827,-1.634,-0.280,11.306,0.000,-16,8,9
342.878,-1.634,-0.280,11.301,0.000,-16,8,7
342.929,-1.642,-0.246,11.316,0.000,-16,8,9
342.980,-1.642,-0.246,11.296,0.000,-15,8,8
343.031,-1.642,-0.246,11.296,0.000,-16,8,8
343.082,-1.648,-0.206,11.290,0.000,-16,8,8
343.133,-1.648,-0.206,11.294,0.000,-16,8,8
343.184,-1.654,-0.160,11.284,0.000,-16,9,8
343.235,-1.654,-0.160,11.286,0.000,-15,8,8
343.286,-1.654,-0.160,11.286,0.000,-17,8,9
343.337,-1.663,-0.111,11.272,0.000,-15,8,8
343.388,-1.663,-0.111,11.268,0.000,-16,8,8
343.439,-1.663,-0.111,11.272,0.000,-16,8,8
343.490,-1.664,-0.071,11.272,0.000,-16,9,8
343.541,-1.664,-0.071,11.258,0.000,-16,8,8
343.592,-1.673,-0.032,11.254,0.000,-16,8,8
343.643,-1.673,-0.032,11.254,0.000,-16,8,8
343.694,-1.673,-0.032,11.234,0.000,-16,8,9
343.745,-1.682,0.005,11.234,0.000,-16,8,8
343.796,-1.682,0.005,11.243,0.000,-15,8,8
343.847,-1.687,0.044,11.249,0.000,-16,8,8
343.898,-1.687,0.044,11.224,0.000,-16,8,8
343.949,-1.687,0.044,11.225,0.000,-16,8,8
344.000,-1.698,0.088,11.225,0.000,-16,9,8
344.051,-1.698,0.088,11.227,0.000,-16,8,9
344.204,-1.703,0.126,11.224,0.000,-16,10,4
344.256,-1.709,0.162,11.215,0.000,-17,12,0
344.308,-1.709,0.162,11.225,0.000,-16,14,-1
344.360,-1.709,0.162,11.253,0.000,-17,14,-7
344.412,-1.713,0.196,11.292,0.000,-16,14,-9
344.463,-1.713,0.196,11.292,0.000,-16,15,-9
344.514,-1.706,0.236,11.321,0.000,-16,15,-9
344.565,-1.706,0.236,11.350,0.000,-16,14,-7
344.616,-1.706,0.236,11.370,0.000,-16,15,-8
344.667,-1.684,0.278,11.402,0.000,-16,15,-7
344.718,-1.684,0.278,11.402,0.000,-16,15,-7
344.769,-1.650,0.326,11.407,0.000,-16,15,-6
344.820,-1.650,0.326,11.434,0.000,-15,15,-7
344.871,-1.650,0.326,11.459,0.000,-17,15,-6
344.922,-1.623,0.373,11.459,0.000,-16,15,-6
344.973,-1.623,0.373,11.490,0.000,-16,15,-7
345.024,-1.623,0.373,11.507,0.000,-16,15,-6
345.075,-1.596,0.410,11.528,0.000,-16,15,-6
345.126,-1.596,0.410,11.550,0.000,-16,15,-6
345.177,-1.577,0.450,11.550,0.000,-16,15,-6
345.228,-1.577,0.450,11.572,0.000,-16,15,-6
345.279,-1.577,0.450,11.590,0.000,-16,15,-6
345.330,-1.558,0.486,11.617,0.000,-16,16,-6
345.381,-1.558,0.486,11.617,0.000,-16,15,-6
345.432,-1.538,0.522,11.640,0.000,-16,15,-6
345.483,-1.538,0.522,11.655,0.000,-16,15,-6
345.534,-1.538,0.522,11.670,0.000,-16,16,-6
345.687,-1.506,0.610,11.719,0.000,-16,16,-6
345.738,-1.506,0.610,11.736,0.000,-16,15,-6
345.789,-1.506,0.610,11.741,0.000,-16,15,-6
345.892,-1.492,0.656,11.771,0.000,-16,16,-7
345.944,-1.492,0.656,11.801,0.000,-16,15,-9
345.996,-1.479,0.701,11.837,0.000,-15,16,-10
346.047,-1.479,0.701,11.867,0.000,-14,15,-12
346.150,-1.472,0.747,11.903,0.000,-12,16,-12
346.201,-1.472,0.747,11.934,0.000,-11,15,-12
346.253,-1.464,0.791,11.951,0.000,-10,16,-12
346.305,-1.464,0.791,11.980,0.000,-6,16,-12
346.356,-1.461,0.843,11.980,0.000,-2,15,-12
346.407,-1.461,0.843,11.979,0.000,-3,16,-13
346.509,-1.448,0.885,11.981,0.000,-2,15,-13
346.560,-1.448,0.885,11.981,0.000,-3,15,-13
346.611,-1.434,0.927,11.988,0.000,-2,16,-13
346.662,-1.434,0.927,11.991,0.000,-3,15,-13
346.713,-1.434,0.927,12.005,0.000,-2,16,-13
346.764,-1.417,0.965,11.990,0.000,-2,15,-13
346.815,-1.417,0.965,11.990,0.000,-3,15,-13
346.866,-1.417,0.965,12.001,0.000,-1,16,-13
346.917,-1.393,0.993,12.008,0.000,-1,15,-13
347.019,-1.372,1.026,12.002,0.000,-2,16,-13
347.070,-1.372,1.026,12.002,0.000,-1,15,-13
347.121,-1.372,1.026,12.032,0.000,-3,15,-14
347.172,-1.349,1.059,12.028,0.000,-2,16,-13
347.223,-1.349,1.059,12.032,0.000,-2,15,-13
347.274,-1.324,1.090,12.032,0.000,-1,15,-13
347.325,-1.324,1.090,12.027,0.000,-1,15,-13
347.376,-1.324,1.090,12.042,0.000,-2,16,-13
347.427,-1.304,1.126,12.040,0.000,-2,15,-13
347.478,-1.304,1.126,12.043,0.000,-2,15,-13
347.530,-1.279,1.158,12.043,0.000,9,16,-2
347.581,-1.279,1.158,11.990,0.000,14,17,-1
347.632,-1.279,1.158,11.891,0.000,12,15,-2
347.683,-1.257,1.191,11.795,0.000,13,16,0
347.734,-1.257,1.191,11.795,0.000,14,16,0
347.785,-1.257,1.191,11.722,0.000,13,15,0
347.836,-1.237,1.218,11.615,0.000,14,16,0
347.887,-1.237,1.218,11.507,0.000,13,15,0
347.938,-1.223,1.240,11.423,0.000,13,16,0
347.989,-1.223,1.240,11.423,0.000,13,16,0
348.040,-1.223,1.240,11.325,0.000,14,15,1
348.091,-1.215,1.253,11.221,0.000,13,16,0
348.142,-1.215,1.253,11.139,0.000,12,16,0
348.193,-1.208,1.266,11.088,0.000,14,16,-1
348.244,-1.208,1.266,11.057,0.000,13,15,0
348.295,-1.208,1.266,10.968,0.000,13,16,0
348.346,-1.197,1.271,10.884,0.000,0,15,-9
348.398,-1.197,1.271,10.891,0.000,-13,15,-10
348.449,-1.197,1.271,10.891,0.000,-11,14,2
348.500,-1.184,1.275,10.894,0.000,-1,6,1
348.551,-1.184,1.275,10.893,0.000,-1,2,-1
348.602,-1.184,1.275,10.878,0.000,-2,3,2
348.653,-1.184,1.275,10.863,0.000,0,2,0
348.704,-1.184,1.275,10.863,0.000,1,2,-1
348.755,-1.153,1.284,10.869,0.000,0,1,0
348.806,-1.153,1.284,10.879,0.000,0,1,0
348.857,-1.141,1.287,10.862,0.000,0,1,0
348.908,-1.141,1.287,10.862,0.000,0,0,0
348.959,-1.141,1.287,10.866,0.000,0,0,1
349.010,-1.130,1.290,10.858,0.000,-1,0,0
349.061,-1.130,1.290,10.861,0.000,0,0,0
349.112,-1.130,1.290,10.863,0.000,0,0,0
349.163,-1.130,1.290,10.863,0.000,0,0,0
349.214,-1.130,1.290,10.864,0.000,0,0,0
349.265,-1.130,1.290,10.859,0.000,0,0,0
349.316,-1.130,1.290,10.872,0.000,0,0,0
349.367,-1.130,1.290,10.872,0.000,0,-1,0
349.418,-1.125,1.294,10.875,0.000,0,0,0
349.469,-1.125,1.294,10.866,0.000,0,0,0
349.520,-1.124,1.295,10.863,0.000,0,0,0
349.571,-1.124,1.295,10.877,0.000,0,0,0
349.622,-1.124,1.295,10.877,0.000,0,0,0
349.673,-1.123,1.295,10.866,0.000,0,0,0
349.724,-1.123,1.295,10.857,0.000,0,0,0
349.775,-1.122,1.294,10.879,0.000,0,0,0
349.826,-1.122,1.294,10.879,0.000,0,0,0
349.877,-1.122,1.294,10.879,0.000,0,0,0
349.928,-1.122,1.294,10.864,0.000,0,0,0
349.979,-1.122,1.294,10.859,0.000,0,0,0
350.030,-1.122,1.294,10.865,0.000,0,0,0
350.081,-1.123,1.294,10.865,0.000,0,0,0
350.132,-1.123,1.294,10.865,0.000,0,0,0
350.183,-1.123,1.294,10.856,0.000,0,0,0
350.234,-1.123,1.294,10.869,0.000,0,0,0
350.285,-1.123,1.294,10.870,0.000,0,0,0
350.336,-1.122,1.294,10.870,0.000,0,0,0
350.387,-1.122,1.294,10.872,0.000,0,0,0
350.438,-1.123,1.294,10.876,0.000,0,0,0
350.489,-1.123,1.294,10.864,0.000,0,0,0
350.540,-1.123,1.294,10.864,0.000,0,0,0
350.591,-1.123,1.294,10.869,0.000,0,0,0
350.642,-1.123,1.294,10.860,0.000,0,0,0
350.693,-1.123,1.294,10.866,0.000,0,0,0
350.744,-1.122,1.294,10.869,0.000,0,0,0
350.795,-1.122,1.294,10.869,0.000,0,0,0
350.846,-1.122,1.293,10.863,0.000,0,0,0
350.897,-1.122,1.293,10.866,0.000,0,0,0
350.948,-1.122,1.293,10.878,0.000,0,0,0
350.999,-1.121,1.292,10.878,0.000,0,0,0
351.050,-1.121,1.292,10.870,0.000,0,0,0
351.101,-1.121,1.292,10.877,0.000,1,0,0
351.152,-1.121,1.292,10.864,0.000,0,0,0
351.203,-1.121,1.292,10.869,0.000,0,0,0
351.254,-1.121,1.288,10.869,0.000,0,0,0
351.305,-1.121,1.288,10.870,0.000,0,0,0
351.356,-1.122,1.288,10.862,0.000,0,1,0
351.407,-1.122,1.288,10.857,0.000,0,0,0
351.458,-1.122,1.288,10.857,0.000,0,0,0
351.509,-1.122,1.288,10.872,0.000,0,0,0
351.560,-1.122,1.288,10.875,0.000,0,0,0
351.611,-1.122,1.288,10.856,0.000,0,0,0
351.662,-1.123,1.287,10.870,0.000,0,0,0
351.713,-1.123,1.287,10.870,0.000,0,0,0
351.764,-1.123,1.289,10.880,0.000,0,0,0
351.815,-1.123,1.289,10.858,0.000,0,0,0
351.866,-1.123,1.289,10.863,0.000,0,0,0
351.917,-1.123,1.289,10.879,0.000,0,0,0
351.968,-1.123,1.289,10.879,0.000,0,0,0
352.019,-1.123,1.288,10.866,0.000,0,0,0
352.070,-1.123,1.288,10.868,0.000,0,0,0
352.121,-1.123,1.288,10.861,0.000,0,0,0
352.172,-1.123,1.288,10.861,0.000,0,0,0
352.223,-1.123,1.288,10.872,0.000,0,0,0
352.274,-1.123,1.288,10.877,0.000,0,0,0
352.325,-1.123,1.288,10.869,0.000,0,0,0
352.376,-1.123,1.288,10.863,0.000,0,0,-1
352.427,-1.122,1.289,10.863,0.000,0,0,0
352.478,-1.122,1.289,10.862,0.000,0,0,0
352.529,-1.122,1.289,10.879,0.000,0,0,0
352.580,-1.122,1.291,10.855,0.000,0,0,0
352.631,-1.122,1.291,10.855,0.000,0,0,0
352.682,-1.122,1.291,10.859,0.000,0,0,0
352.733,-1.122,1.291,10.859,0.000,0,0,0
352.784,-1.122,1.291,10.867,0.000,0,0,0
352.835,-1.122,1.292,10.855,0.000,0,0,0
352.886,-1.122,1.292,10.855,0.000,0,0,0
352.937,-1.122,1.293,10.874,0.000,0,0,0
352.988,-1.122,1.293,10.863,0.000,0,0,0
353.039,-1.122,1.293,10.863,0.000,0,0,0
353.090,-1.122,1.293,10.863,0.000,0,0,0
353.141,-1.122,1.293,10.865,0.000,0,0,0
353.192,-1.122,1.293,10.871,0.000,0,0,0
353.243,-1.121,1.293,10.868,0.000,0,0,0
353.294,-1.121,1.293,10.865,0.000,0,0,0
353.345,-1.119,1.292,10.865,0.000,0,0,0
353.396,-1.119,1.292,10.875,0.000,0,0,0
353.447,-1.119,1.292,10.862,0.000,0,0,0
353.498,-1.118,1.291,10.874,0.000,0,0,0
353.549,-1.118,1.291,10.869,0.000,0,0,0
353.600,-1.119,1.291,10.869,0.000,0,0,0
353.651,-1.119,1.291,10.875,0.000,0,0,0
353.702,-1.119,1.291,10.870,0.000,0,0,0
353.753,-1.120,1.292,10.878,0.000,0,0,0
353.804,-1.120,1.292,10.878,0.000,0,0,0
353.855,-1.120,1.292,10.868,0.000,0,0,0
353.906,-1.121,1.292,10.871,0.000,0,0,0
353.957,-1.121,1.292,10.864,0.000,0,0,0
354.008,-1.121,1.292,10.871,0.000,0,0,0
354.059,-1.121,1.292,10.871,0.000,0,0,0
354.110,-1.121,1.292,10.872,0.000,0,0,0
354.161,-1.121,1.292,10.871,0.000,0,0,0
354.212,-1.121,1.292,10.875,0.000,0,0,0
354.263,-1.121,1.292,10.875,0.000,0,0,0
354.314,-1.121,1.292,10.873,0.000,0,0,0
354.365,-1.121,1.292,10.863,0.000,0,0,0
354.416,-1.121,1.292,10.860,0.000,0,0,0
354.467,-1.121,1.292,10.879,0.000,0,0,0
354.518,-1.121,1.292,10.879,0.000,0,0,0
354.569,-1.121,1.292,10.855,0.000,0,0,0
354.620,-1.121,1.292,10.867,0.000,0,0,0
354.671,-1.121,1.292,10.863,0.000,0,0,0
354.722,-1.121,1.292,10.863,0.000,0,0,0
354.773,-1.121,1.292,10.864,0.000,0,0,0
354.824,-1.121,1.292,10.865,0.000,0,0,0
354.875,-1.121,1.292,10.879,0.000,0,0,0
354.926,-1.120,1.291,10.868,0.000,0,0,0
354.977,-1.120,1.291,10.868,0.000,0,0,0
355.028,-1.120,1.291,10.869,0.000,0,0,0
355.079,-1.118,1.290,10.864,0.000,0,0,0
355.130,-1.118,1.290,10.867,0.000,0,0,0
355.181,-1.117,1.289,10.867,0.000,0,0,0
355.232,-1.117,1.289,10.871,0.000,0,0,0
355.283,-1.117,1.289,10.862,0.000,0,0,0
355.334,-1.115,1.289,10.878,0.000,0,0,0
