309.217,0.879,0.009,1.543,0.9,0.005,0.0
309.268,0.879,0.009,1.034,0.9,0.005,0.0
309.319, 0.879,0.008,1.034,0.9,0.005,0.0
309.370,0.879,0.008,-2.664,0.9,0.005,0.0
309.421,0.880,0 .010,1.502,0.9,0.005,0.0
309.472,0.880,0.010,1.047,0.9,0.005,0.0
309.523,0.880,0.010,-2. 586,0.9,0.005,0.0
309.574,0.882,0.006,-2.586,0.9,0.005,0.0
309.625,0.882,0.006,-1.257,0.9,0.005,0.0
316.561,0.879,0.009,1.709,0.9,0.005,0.0
316.612,0.879,0.009,-2.991,0.9,0.018,0.0
316.663,0.881,0.008,-1.117,0.899,0.028,0.0
316.714,0.881,0.008,-1.117,0.899,0.038,0.0
316.765,0.879,0.008,0.148,0.898,0.048,0.0
316.816,0.879,0.008,1.163,0.897,0.058,0.0
316.867,0.879,0.008,-0.360,0.895,0.068,0.0
316.918,0.882,0.003,-3.558,0.895,0.073,0.0
317.071,0.881,0.012,2.524,0.887,0.111,0.0
317.275,0.884,0.012,2.413,0.878,0.146,0.0
317.428,0.888,0.016,1.778,0.868,0.175,0.0
317.530,0.895,0.031,1.269,0.861,0.194,0.0
317.632,0.901,0.049,-0.416,0.853,0.212,0.0
317.734,0.901,0.049,1.664,0.841,0.235,0.0
317.785,0.905,0.080,3.104,0.839,0.24,0.0
317.887,0.905,0.080,-1.883,0.829,0.257,0.0
317.938,0.912,0.110,-1.233,0.821,0.27,0.0
317.989,0.912,0.110,2.962,0.818,0.275,0.0
318.295,0.908,0.185,-0.746,0.781,0.324,0.0
318.346,0.905,0.212,-0.746,0.774,0.331,0.0
318.499,0.894,0.246,1.702,0.753,0.354,0.0
318.601,0.894,0.246,3.054,0.739,0.368,0.0
318.652,0.878,0.276,0.969,0.731,0.375,0.0
318.703,0.878,0.276,3.731,0.722,0.383,0.0
318.754,0.878,0.276,1.556,0.714,0.389,0.0
318.805,0.859,0.309,1.556,0.71,0.392,0.0
319.060,0.833,0.340,2.201,0.666,0.423,0.0
319.315,0.778,0.387,3.770,0.617,0.45,0.0
319.366,0.745,0.411,6.021,0.612,0.453,0.0
319.468,0.745,0.411,4.519,0.594,0.461,0.0
319.519,0.708,0.437,4.519,0.582,0.466,0.0
319.570,0.708,0.437,1.218,0.573,0.469,0.0
319.621,0.708,0.437,4.382,0.563,0.473,0.0
319.672,0.672,0.463,4.382,0.553,0.476,0.0
319.723,0.672,0.463,4.382,0.543,0.479,0.0
319.774,0.672,0.463,-0.575,0.534,0.482,0.0
319.825,0.636,0.485,2.754,0.524,0.484,0.0
319.876,0.636,0.485,6.894,0.519,0.486,0.0
319.927,0.636,0.485,3.595,0.504,0.489,0.0
319.978,0.599,0.509,3.595,0.493,0.491,0.0
320.029,0.599,0.509,-1.305,0.483,0.493,0.0
320.080,0.566,0.521,-3.332,0.478,0.494,0.0
320.131,0.566,0.521,-3.703,0.468,0.495,0.0
320.182,0.566,0.521,-3.703,0.458,0.497,0.0
320.233,0.528,0.541,-2.339,0.446,0.498,0.0
320.437,0.490,0.554,-4.704,0.4,0.5,0.0
320.488,0.490,0.554,-7.884,0.395,0.5,0.0
320.539,0.454,0.563,-7.573,0.385,0.5,0.0
320.590,0.454,0.563,-5.816,0.372,0.499,0.0
320.641,0.454,0.563,-5.816,0.362,0.499,0.0
320.692,0.418,0.573,-8.831,0.357,0.498,0.0
320.947,0.341,0.602,-8.694,0.299,0.49,0.0
320.998,0.341,0.602,-7.276,0.293,0.489,0.0
321.100,0.307,0.599,-10.304,0.274,0.484,0.0
321.151,0.307,0.599,-5.012,0.262,0.481,0.0
321.202,0.307,0.599,-5.239,0.252,0.478,0.0
321.253,0.274,0.598,-3.932,0.247,0.476,0.0
321.406,0.247,0.575,-3.140,0.211,0.463,0.0
321.457,0.247,0.575,-5.137,0.201,0.459,0.0
321.508,0.247,0.575,-4.921,0.197,0.457,0.0
321.763,0.201,0.518,-4.862,0.147,0.431,0.0
321.814,0.175,0.489,-4.862,0.143,0.429,0.0
321.865,0.175,0.489,-0.266,0.134,0.423,0.0
321.916,0.175,0.489,-1.322,0.125,0.418,0.0
321.967,0.151,0.458,-6.825,0.115,0.411,0.0
322.018,0.151,0.458,-6.778,0.107,0.405,0.0
322.069,0.151,0.458,-6.778,0.103,0.402,0.0
322.222,0.123,0.435,-3.257,0.073,0.378,0.0
322.273,0.097,0.414,-3.257,0.069,0.374,0.0
322.324,0.097,0.414,-1.907,0.057,0.364,0.0
322.375,0.097,0.414,-2.029,0.054,0.361,0.0
322.528,0.043,0.376,-1.543,0.029,0.335,0.0
322.579,0.043,0.376,-1.870,0.025,0.331,0.0
322.936,-0.008,0.343,-1.387,-0.018,0.275,0.0
322.987,-0.033,0.323,-1.387,-0.023,0.266,0.0
323.140,-0.054,0.300,-2.438,-0.039,0.24,0.0
323.548,-0.114,0.243,-0.213,-0.074,0.16,0.0
323.599,-0.114,0.243,2.839,-0.077,0.15,0.0
323.650,-0.114,0.243,2.839,-0.08,0.141,0.0
323.701,-0.131,0.221,-1.978,-0.081,0.136,0.0
323.905,-0.145,0.202,-1.738,-0.092,0.091,0.0
323.956,-0.145,0.202,-6.442,-0.093,0.086,0.0
324.160,-0.170,0.161,-0.161,-0.098,0.041,0.0
324.211,-0.170,0.161,1.022,-0.099,0.036,0.0
324.415,-0.182,0.117,-1.255,-0.1,-0.01,0.0
324.466,-0.182,0.117,-0.625,-0.1,-0.021,0.0
324.670,-0.187,0.097,-1.738,-0.097,-0.056,0.0
324.721,-0.186,0.072,2.567,-0.095,-0.071,0.0
324.772,-0.186,0.072,0.228,-0.094,-0.076,0.0
324.976,-0.176,0.019,-1.010,-0.085,-0.121,0.0
325.027,-0.176,0.019,-1.010,-0.084,-0.126,0.0
325.282,-0.158,-0.030,2.133,-0.067,-0.18,0.0
325.333,-0.158,-0.030,2.295,-0.065,-0.184,0.0
325.435,-0.143,-0.055,2.790,-0.057,-0.203,0.0
325.537,-0.143,-0.055,2.790,-0.046,-0.226,0.0
325.588,-0.125,-0.091,2.397,-0.044,-0.231,0.0
325.741,-0.104,-0.117,0.418,-0.026,-0.262,0.0
325.792,-0.104,-0.117,0.162,-0.023,-0.266,0.0
325.843,-0.084,-0.146,-1.060,-0.018,-0.275,0.0
326.302,-0.020,-0.224,-1.808,0.04,-0.347,0.0
326.353,-0.020,-0.224,-2.894,0.047,-0.354,0.0
326.404,-0.020,-0.224,2.282,0.054,-0.361,0.0
326.455,0.004,-0.247,2.282,0.062,-0.368,0.0
326.506,0.004,-0.247,4.590,0.07,-0.375,0.0
326.557,0.032,-0.275,-2.084,0.077,-0.382,0.0
326.608,0.032,-0.275,-2.926,0.085,-0.389,0.0
326.659,0.032,-0.275,-2.926,0.093,-0.395,0.0
326.710,0.058,-0.296,-0.142,0.102,-0.401,0.0
326.761,0.058,-0.296,1.766,0.11,-0.407,0.0
326.812,0.058,-0.296,-1.808,0.118,-0.413,0.0
326.863,0.085,-0.314,-0.806,0.127,-0.419,0.0
326.914,0.085,-0.314,-0.806,0.135,-0.424,0.0
326.965,0.085,-0.314,3.661,0.144,-0.43,0.0
327.016,0.114,-0.333,-1.343,0.153,-0.435,0.0
327.067,0.114,-0.333,-0.859,0.162,-0.44,0.0
327.118,0.114,-0.333,-0.859,0.171,-0.445,0.0
327.169,0.142,-0.354,0.573,0.18,-0.449,0.0
327.220,0.142,-0.354,3.826,0.185,-0.451,0.0
327.373,0.171,-0.383,-2.894,0.221,-0.467,0.0
327.424,0.198,-0.405,-0.852,0.23,-0.47,0.0
327.475,0.198,-0.405,-0.270,0.235,-0.472,0.0
327.730,0.253,-0.457,-2.416,0.284,-0.486,0.0
327.985,0.279,-0.474,-4.728,0.339,-0.496,0.0
328.036,0.311,-0.501,-4.728,0.344,-0.497,0.0
328.138,0.336,-0.505,4.533,0.364,-0.499,0.0
328.189,0.336,-0.505,2.425,0.377,-0.499,0.0
328.240,0.336,-0.505,-2.991,0.387,-0.5,0.0
328.291,0.370,-0.525,-2.991,0.392,-0.5,0.0
328.444,0.398,-0.529,1.881,0.431,-0.499,0.0
328.495,0.398,-0.529,1.881,0.441,-0.498,0.0
328.546,0.398,-0.529,-2.253,0.451,-0.497,0.0
328.750,0.454,-0.537,2.003,0.486,-0.492,0.0
328.903,0.482,-0.539,2.346,0.517,-0.486,0.0
329.005,0.510,-0.543,-1.614,0.537,-0.481,0.0
329.107,0.510,-0.543,-1.189,0.556,-0.475,0.0
329.515,0.588,-0.534,-3.235,0.635,-0.441,0.0
329.566,0.588,-0.534,0.894,0.644,-0.436,0.0
329.617,0.609,-0.517,4.557,0.653,-0.431,0.0
329.770,0.637,-0.512,-1.556,0.675,-0.418,0.0
329.821,0.637,-0.512,2.222,0.685,-0.411,0.0
329.872,0.657,-0.491,6.103,0.693,-0.405,0.0
329.923,0.657,-0.491,6.103,0.698,-0.402,0.0
330.076,0.686,-0.479,2.526,0.728,-0.378,0.0
330.178,0.711,-0.460,1.242,0.739,-0.368,0.0
330.433,0.734,-0.436,2.678,0.778,-0.327,0.0
330.484,0.761,-0.419,-3.455,0.781,-0.323,0.0
330.535,0.761,-0.419,4.568,0.788,-0.316,0.0
330.637,0.780,-0.385,4.632,0.8,-0.3,0.0
330.739,0.807,-0.365,-0.311,0.812,-0.283,0.0
330.841,0.807,-0.365,3.104,0.823,-0.266,0.0
330.892,0.828,-0.336,5.367,0.83,-0.255,0.0
330.943,0.828,-0.336,-3.037,0.835,-0.246,0.0
330.994,0.828,-0.336,0.162,0.838,-0.242,0.0
331.300,0.879,-0.296,3.839,0.865,-0.184,0.0
331.351,0.896,-0.263,3.867,0.869,-0.175,0.0
331.453,0.917,-0.242,1.014,0.875,-0.155,0.0
331.504,0.917,-0.242,1.014,0.878,-0.146,0.0
331.555,0.917,-0.242,1.605,0.883,-0.131,0.0
331.606,0.937,-0.221,1.086,0.884,-0.126,0.0
331.657,0.937,-0.221,-0.229,0.886,-0.116,0.0
331.708,0.937,-0.221,0.410,0.889,-0.104,0.0
331.759,0.956,-0.200,0.410,0.891,-0.094,0.0
331.810,0.956,-0.200,6.007,0.892,-0.089,0.0
332.065,0.981,-0.157,2.320,0.899,-0.03,0.0
332.116,0.981,-0.157,-0.360,0.899,-0.025,0.0
332.167,0.981,-0.157,-2.012,0.9,-0.015,0.0
332.218,0.991,-0.138,-2.012,0.9,0.0,0.0
	
