331.847,2.021,-0.069,16.419,2.0,0.006,0.366
331.898,2.021,-0.069,13.445,2.0,0.006,0.366
331. 949,2.052,-0.070,10.114,2.0,0.006,0.366
332.000,2.052,-0.070,10.069,2.0,0.006,0.366
332.051, 2.052,-0.070,10.069,2.0,0.006,0.366
332.102,2.070,-0.055,10.923,2.0,0.006,0.366
332.153,2.07 0,-0.055,5.172,2.0,0.006,0.366
332.204,2.093,-0.045,2.734,2.0,0.006,0.366
332.255,2.093,-0.0 45,2.73,2.0,0.006,0.366
339.548,1.999,0.024,2.761,2.0,0.027,1.56
339.599,1.999,0.024,0.869,1.999,0.04,2.296
339.650,1.999,0.024,0.869,1.999,0.053,3.034
339.701,2.002,0.019,-1.708,1.998,0.066,3.77
339.752,2.002,0.019,-0.903,1.997,0.079,4.511
339.803,2.002,0.019,-0.351,1.996,0.091,5.249
339.854,2.003,0.018,-2.382,1.995,0.104,5.985
339.905,2.003,0.018,-2.134,1.993,0.117,6.724
339.956,2.003,0.018,-0.607,1.992,0.124,7.101
340.007,2.001,0.024,2.714,1.99,0.143,8.198
340.058,2.001,0.024,2.065,1.988,0.155,8.936
340.109,2.001,0.024,2.065,1.986,0.168,9.671
340.160,2.001,0.024,1.456,1.985,0.174,10.047
340.211,2.001,0.024,2.686,1.982,0.187,10.781
340.262,2.001,0.024,5.714,1.98,0.2,11.52
342.047,1.908,0.440,22.708,1.798,0.603,37.061
342.098,1.908,0.440,20.956,1.79,0.613,37.799
342.149,1.887,0.473,21.413,1.782,0.623,38.536
342.200,1.887,0.473,21.413,1.774,0.633,39.276
342.251,1.887,0.473,25.912,1.766,0.643,40.015
342.302,1.857,0.514,25.252,1.758,0.653,40.75
342.353,1.857,0.514,23.930,1.749,0.662,41.489
342.404,1.857,0.514,23.930,1.74,0.672,42.228
342.455,1.828,0.549,27.549,1.732,0.682,42.964
342.506,1.828,0.549,27.539,1.723,0.691,43.701
342.557,1.828,0.549,29.059,1.714,0.7,44.441
342.608,1.802,0.582,27.681,1.705,0.709,45.179
342.659,1.802,0.582,27.681,1.7,0.714,45.554
342.710,1.802,0.582,31.548,1.686,0.727,46.65
342.761,1.773,0.619,32.325,1.677,0.736,47.388
342.812,1.773,0.619,33.262,1.667,0.745,48.13
342.863,1.748,0.645,33.262,1.663,0.749,48.505
342.914,1.748,0.645,35.636,1.653,0.757,49.239
342.965,1.748,0.645,34.584,1.643,0.766,49.974
345.668,1.176,1.039,73.350,1.017,1.0,89.017
347.045,0.825,1.020,86.301,0.686,0.949,108.303
347.351,0.755,0.963,95.800,0.614,0.923,112.676
347.810,0.658,0.899,101.011,0.506,0.87,119.598
347.861,0.658,0.899,104.217,0.5,0.866,119.974
348.371,0.519,0.821,113.151,0.395,0.796,127.249
349.442,0.295,0.696,130.976,0.202,0.603,142.911
349.493,0.265,0.673,132.778,0.198,0.598,143.284
349.646,0.239,0.649,133.908,0.173,0.562,145.833
350.105,0.159,0.554,140.742,0.117,0.469,152.029
350.156,0.159,0.554,143.661,0.11,0.455,152.919
350.207,0.133,0.520,145.573,0.104,0.444,153.653
350.258,0.133,0.520,145.573,0.101,0.438,154.027
351.074,0.015,0.352,154.898,0.029,0.238,166.24
351.278,-0.001,0.316,161.307,0.018,0.188,169.162
351.686,-0.031,0.223,167.017,0.004,0.094,174.627
351.992,-0.043,0.165,165.863,0.0,0.017,179.004
352.043,-0.043,0.165,172.912,0.0,0.002,179.901
352.094,-0.044,0.124,177.180,0.0,-0.011,180.64
352.145,-0.044,0.124,177.180,0.0,-0.018,181.014
353.216,-0.032,-0.081,185.562,0.043,-0.29,196.867
353.267,-0.022,-0.112,185.562,0.045,-0.296,197.243
353.726,0.025,-0.203,191.230,0.088,-0.409,204.157
353.777,0.025,-0.203,193.371,0.093,-0.421,204.894
354.185,0.073,-0.288,193.768,0.137,-0.505,210.362
354.236,0.097,-0.321,200.955,0.145,-0.519,211.24
354.287,0.097,-0.321,199.614,0.152,-0.53,211.976
354.338,0.097,-0.321,193.502,0.155,-0.535,212.357
354.899,0.174,-0.441,201.820,0.24,-0.65,220.573
355.103,0.220,-0.492,203.270,0.279,-0.693,223.858
355.511,0.275,-0.556,208.703,0.348,-0.758,229.322
355.715,0.332,-0.609,211.774,0.388,-0.791,232.242
355.868,0.358,-0.627,211.148,0.424,-0.817,234.799
356.276,0.447,-0.685,218.486,0.504,-0.868,240.267
356.429,0.473,-0.699,220.697,0.543,-0.89,242.824
356.480,0.473,-0.699,217.233,0.555,-0.895,243.563
356.939,0.562,-0.749,222.402,0.66,-0.94,250.121
356.990,0.588,-0.772,222.402,0.666,-0.943,250.494
357.296,0.649,-0.824,226.843,0.739,-0.965,254.863
358.265,0.899,-0.923,253.323,0.984,-1.0,269.095
358.316,0.899,-0.923,257.605,0.997,-1.0,269.835
358.877,1.054,-0.949,270.761,1.13,-0.991,277.483
359.030,1.089,-0.955,270.748,1.168,-0.986,279.678
359.081,1.089,-0.955,278.143,1.184,-0.983,280.581
359.132,1.130,-0.958,274.278,1.196,-0.981,281.32
359.183,1.130,-0.958,272.627,1.203,-0.979,281.696
359.234,1.130,-0.958,278.010,1.221,-0.975,282.796
359.285,1.170,-0.955,278.010,1.234,-0.972,283.534
359.336,1.170,-0.955,280.305,1.247,-0.969,284.273
359.387,1.170,-0.955,278.329,1.259,-0.966,285.012
359.438,1.206,-0.953,278.242,1.265,-0.964,285.387
359.489,1.206,-0.953,286.560,1.284,-0.959,286.481
359.541,1.206,-0.953,286.560,1.296,-0.955,287.22
359.592,1.247,-0.944,284.751,1.308,-0.951,287.957
359.643,1.247,-0.944,279.924,1.315,-0.949,288.332
359.695,1.247,-0.944,285.162,1.327,-0.945,289.067
360.461,1.396,-0.898,294.985,1.508,-0.861,300.518
360.512,1.396,-0.898,298.053,1.519,-0.855,301.257
360.818,1.416,-0.881,297.921,1.577,-0.817,305.264
361.022,1.454,-0.852,302.256,1.623,-0.782,308.547
361.073,1.454,-0.852,296.657,1.628,-0.778,308.923
361.430,1.501,-0.822,299.683,1.695,-0.719,314.024
361.481,1.534,-0.792,304.783,1.706,-0.708,314.921
361.532,1.534,-0.792,300.678,1.715,-0.699,315.657
361.583,1.564,-0.772,300.648,1.72,-0.694,316.034
362.348,1.752,-0.625,312.601,1.844,-0.537,327.528
362.399,1.752,-0.625,322.197,1.85,-0.526,328.265
362.450,1.788,-0.595,321.457,1.854,-0.52,328.642
362.858,1.847,-0.539,328.290,1.902,-0.431,334.471
362.909,1.876,-0.506,332.202,1.908,-0.419,335.212
362.960,1.876,-0.506,331.262,1.913,-0.407,335.955
363.062,1.904,-0.485,331.960,1.924,-0.383,337.473
363.113,1.904,-0.485,334.702,1.929,-0.371,338.217
363.164,1.932,-0.467,334.283,1.933,-0.359,338.96
363.215,1.932,-0.467,334.283,1.938,-0.347,339.701
363.317,1.958,-0.454,333.792,1.947,-0.322,341.243
363.368,1.958,-0.454,339.071,1.952,-0.306,342.167
363.419,1.958,-0.454,340.638,1.956,-0.294,342.908
363.470,1.981,-0.433,340.638,1.96,-0.282,343.65
363.521,1.981,-0.433,337.203,1.963,-0.269,344.388
363.572,1.981,-0.433,340.178,1.967,-0.257,345.128
363.623,2.002,-0.416,340.269,1.97,-0.244,345.869
363.674,2.002,-0.416,340.269,1.973,-0.232,346.611
363.725,2.002,-0.416,342.507,1.976,-0.219,347.351
363.776,2.021,-0.391,341.076,1.978,-0.206,348.089
363.827,2.021,-0.391,342.412,1.981,-0.194,348.836
363.878,2.037,-0.358,347.166,1.983,-0.181,349.574
363.929,2.037,-0.358,347.166,1.986,-0.168,350.313
364.133,2.053,-0.335,343.479,1.993,-0.118,353.234
364.184,2.065,-0.299,347.211,1.994,-0.105,353.975
364.235,2.065,-0.299,344.338,1.996,-0.092,354.712
364.286,2.065,-0.299,348.893,1.997,-0.079,355.452
364.439,2.077,-0.263,352.132,1.999,-0.033,358.1
364.490,2.086,-0.229,351.326,2.0,-0.027,358.479
364.541,2.086,-0.229,349.493,2.0,-0.014,359.212
364.592,2.086,-0.229,349.493,2.0,0.006,360.319
	
