35.653,1.945,0.015,-2.303,2.0,0.006,0.364
35.704,1.945,0.015,0.407,2.0,0.006,0.364
35.755,1. 944,0.018,0.933,2.0,0.006,0.364
35.806,1.944,0.018,0.933,2.0,0.006,0.364
35.857,1.947,0.012, -1.760,2.0,0.006,0.364
35.908,1.947,0.012,0.166,2.0,0.006,0.364
35.959,1.947,0.012,2.645,2.0,0.006,0.364
36 .010,1.951,0.013,2.645,2.0,0.006,0.364
36.061,1.951,0.013,0.294,2.0,0.006,0.364
36.112,1.951 ,0.013,,2.0,0.006,0.364
38.203,1.986,-0.007,-1.843,2.0,0.006,0.364
38.254,1.986,-0.007,3.232,2.0,0.021,1.223
38.305,1.984,-0.002,2.634,1.999,0.037,2.107
38.356,1.984,-0.002,2.634,1.999,0.05,2.845
38.407,1.984,-0.002,-0.405,1.998,0.056,3.22
38.764,1.986,-0.002,2.684,1.989,0.148,8.527
39.070,1.992,0.024,6.950,1.975,0.223,12.903
39.172,1.998,0.047,7.066,1.967,0.254,14.733
39.223,1.998,0.047,6.266,1.964,0.267,15.471
39.580,2.011,0.111,8.126,1.938,0.346,20.214
39.733,2.017,0.148,10.121,1.922,0.387,22.77
39.784,2.019,0.189,10.082,1.92,0.393,23.145
39.988,2.016,0.231,9.617,1.896,0.445,26.423
40.039,2.012,0.271,12.025,1.893,0.451,26.801
40.243,2.001,0.316,18.113,1.865,0.501,30.079
40.294,2.001,0.316,18.213,1.859,0.512,30.815
40.651,1.942,0.421,20.134,1.814,0.581,35.555
40.753,1.914,0.452,23.515,1.798,0.602,37.02
40.906,1.887,0.488,24.796,1.775,0.632,39.211
41.059,1.858,0.524,25.196,1.75,0.661,41.402
41.212,1.825,0.559,29.551,1.724,0.69,43.596
41.263,1.825,0.559,31.190,1.713,0.701,44.496
41.314,1.825,0.559,31.190,1.704,0.71,45.234
41.365,1.798,0.593,29.208,1.7,0.715,45.61
41.416,1.798,0.593,30.652,1.686,0.728,46.705
41.467,1.767,0.624,32.655,1.676,0.737,47.442
41.518,1.767,0.624,30.903,1.667,0.745,48.18
41.569,1.767,0.624,30.903,1.657,0.754,48.917
41.620,1.742,0.656,33.539,1.652,0.758,49.293
41.671,1.742,0.656,34.367,1.642,0.766,50.029
41.977,1.686,0.713,42.755,1.58,0.815,54.555
42.181,1.664,0.739,41.645,1.538,0.843,57.477
42.895,1.534,0.850,54.247,1.373,0.928,68.068
42.946,1.507,0.873,54.247,1.367,0.93,68.442
43.099,1.478,0.893,55.324,1.332,0.943,70.63
43.201,1.447,0.920,57.083,1.301,0.953,72.458
43.252,1.447,0.920,54.414,1.289,0.957,73.197
43.660,1.350,0.975,61.534,1.197,0.98,78.665
43.711,1.350,0.975,63.238,1.178,0.984,79.766
43.762,1.350,0.975,64.342,1.165,0.986,80.504
44.068,1.238,1.022,70.886,1.096,0.995,84.512
44.833,1.067,1.085,74.978,0.905,0.995,95.474
45.037,1.030,1.089,78.155,0.854,0.989,98.396
45.241,0.953,1.081,81.513,0.804,0.981,101.315
45.394,0.914,1.066,86.004,0.766,0.972,103.507
45.547,0.877,1.045,90.997,0.729,0.963,105.701
45.598,0.877,1.045,87.226,0.714,0.958,106.605
45.649,0.847,1.019,89.818,0.702,0.955,107.346
45.700,0.847,1.019,95.380,0.696,0.953,107.722
45.751,0.847,1.019,95.380,0.677,0.947,108.816
45.802,0.811,0.991,95.240,0.665,0.942,109.554
45.853,0.811,0.991,93.146,0.653,0.938,110.293
45.904,0.811,0.991,88.851,0.641,0.933,111.029
45.955,0.785,0.971,88.851,0.635,0.931,111.406
46.006,0.785,0.971,90.778,0.62,0.925,112.339
46.108,0.749,0.947,93.059,0.596,0.915,113.8
46.210,0.749,0.947,95.984,0.573,0.904,115.267
46.312,0.708,0.925,97.679,0.55,0.893,116.732
46.414,0.677,0.909,100.255,0.528,0.881,118.193
46.516,0.641,0.891,104.481,0.505,0.869,119.657
46.567,0.641,0.891,104.600,0.494,0.863,120.396
46.618,0.641,0.891,108.398,0.483,0.856,121.134
46.669,0.606,0.872,108.398,0.472,0.849,121.874
46.720,0.606,0.872,106.591,0.461,0.842,122.611
46.771,0.606,0.872,102.824,0.456,0.839,122.987
46.822,0.574,0.857,108.036,0.445,0.832,123.717
47.332,0.475,0.789,115.816,0.342,0.753,131.166
47.383,0.446,0.774,114.362,0.332,0.744,131.905
47.434,0.446,0.774,114.848,0.323,0.736,132.641
47.485,0.446,0.774,113.671,0.313,0.727,133.379
47.536,0.413,0.754,118.937,0.304,0.718,134.117
47.587,0.413,0.754,118.937,0.295,0.709,134.856
47.638,0.413,0.754,121.072,0.29,0.704,135.228
48.301,0.255,0.664,130.597,0.182,0.575,144.903
48.352,0.255,0.664,133.976,0.174,0.564,145.642
48.403,0.228,0.641,135.459,0.167,0.554,146.377
48.454,0.228,0.641,136.577,0.16,0.543,147.111
48.505,0.228,0.641,136.577,0.153,0.532,147.849
48.556,0.202,0.614,138.068,0.147,0.521,148.586
48.607,0.202,0.614,136.988,0.14,0.51,149.322
48.658,0.202,0.614,139.685,0.133,0.499,150.059
48.709,0.176,0.571,139.685,0.13,0.493,150.433
49.270,0.083,0.457,150.726,0.069,0.364,158.642
49.321,0.083,0.457,153.368,0.064,0.352,159.381
49.372,0.083,0.457,157.059,0.06,0.34,160.119
49.423,0.063,0.426,157.059,0.055,0.328,160.855
49.474,0.063,0.426,155.347,0.051,0.316,161.593
49.525,0.063,0.426,156.956,0.047,0.303,162.333
49.627,0.043,0.401,162.450,0.04,0.279,163.798
49.678,0.026,0.363,162.450,0.036,0.267,164.535
49.729,0.026,0.363,154.734,0.033,0.254,165.272
49.780,0.026,0.363,159.652,0.031,0.248,165.646
50.341,-0.031,0.246,164.939,0.006,0.107,173.835
50.392,-0.031,0.246,164.849,0.004,0.095,174.572
50.443,-0.039,0.220,164.165,0.003,0.082,175.309
50.494,-0.039,0.220,167.316,0.002,0.069,176.047
50.545,-0.041,0.182,172.603,0.002,0.056,176.786
50.596,-0.041,0.182,172.603,0.001,0.043,177.522
50.647,-0.041,0.182,170.235,0.0,0.03,178.261
50.698,-0.046,0.151,171.395,0.0,0.017,179.0
50.749,-0.046,0.151,173.704,0.0,0.005,179.736
50.800,-0.046,0.151,173.704,0.0,-0.008,180.473
50.851,-0.047,0.121,174.646,0.0,-0.015,180.847
51.106,-0.047,0.088,175.134,0.003,-0.082,184.693
51.157,-0.048,0.061,172.413,0.004,-0.095,185.431
51.208,-0.048,0.061,171.837,0.006,-0.107,186.17
51.259,-0.049,0.033,171.837,0.007,-0.12,186.908
51.310,-0.049,0.033,175.164,0.009,-0.133,187.649
51.361,-0.049,0.033,179.231,0.011,-0.146,188.388
51.412,-0.043,-0.003,179.485,0.013,-0.159,189.127
51.463,-0.043,-0.003,183.777,0.015,-0.171,189.866
51.514,-0.043,-0.003,183.777,0.017,-0.184,190.609
51.565,-0.034,-0.035,186.385,0.02,-0.197,191.346
51.616,-0.034,-0.035,181.399,0.022,-0.209,192.083
51.667,-0.034,-0.035,179.535,0.024,-0.216,192.46
52.075,-0.009,-0.117,187.868,0.051,-0.317,198.457
52.126,0.003,-0.146,187.940,0.056,-0.329,199.195
52.177,0.003,-0.146,187.940,0.06,-0.341,199.932
52.228,0.003,-0.146,192.586,0.064,-0.353,200.668
52.279,0.017,-0.177,192.038,0.069,-0.365,201.405
52.330,0.017,-0.177,189.274,0.074,-0.377,202.141
52.381,0.017,-0.177,190.667,0.079,-0.389,202.878
52.432,0.030,-0.204,190.667,0.084,-0.401,203.617
52.483,0.030,-0.204,195.070,0.089,-0.412,204.355
52.534,0.030,-0.204,193.073,0.094,-0.424,205.093
52.585,0.043,-0.232,188.656,0.1,-0.436,205.832
52.636,0.043,-0.232,195.395,0.106,-0.447,206.57
52.687,0.043,-0.232,195.395,0.111,-0.459,207.31
52.738,0.063,-0.267,196.739,0.114,-0.465,207.685
52.789,0.063,-0.267,193.502,0.124,-0.481,208.783
52.840,0.063,-0.267,192.612,0.13,-0.493,209.521
52.891,0.076,-0.293,192.612,0.136,-0.504,210.258
52.942,0.076,-0.293,201.080,0.14,-0.51,210.634
52.993,0.099,-0.329,200.036,0.146,-0.521,211.367
53.044,0.099,-0.329,194.169,0.153,-0.532,212.108
54.166,0.284,-0.536,208.232,0.333,-0.745,228.175
54.217,0.284,-0.536,206.142,0.343,-0.754,228.915
54.268,0.284,-0.536,206.142,0.353,-0.762,229.655
54.319,0.311,-0.564,209.577,0.362,-0.77,230.394
54.370,0.311,-0.564,215.157,0.372,-0.779,231.132
54.421,0.311,-0.564,214.732,0.383,-0.787,231.868
54.472,0.333,-0.589,206.556,0.393,-0.794,232.607
54.523,0.333,-0.589,206.556,0.403,-0.802,233.345
54.574,0.365,-0.619,212.536,0.413,-0.81,234.082
54.625,0.365,-0.619,218.740,0.424,-0.817,234.819
54.676,0.365,-0.619,214.329,0.429,-0.821,235.195
56.002,0.625,-0.809,229.734,0.729,-0.963,254.293
56.053,0.659,-0.834,233.955,0.742,-0.966,255.032
56.104,0.659,-0.834,233.955,0.754,-0.969,255.773
56.155,0.688,-0.855,233.955,0.767,-0.972,256.512
56.206,0.688,-0.855,230.895,0.779,-0.975,257.248
56.257,0.688,-0.855,237.935,0.792,-0.978,257.986
56.308,0.725,-0.872,241.031,0.804,-0.981,258.724
56.359,0.725,-0.872,241.031,0.817,-0.983,259.462
56.410,0.725,-0.872,235.460,0.83,-0.985,260.202
56.461,0.752,-0.885,238.454,0.843,-0.988,260.941
56.512,0.752,-0.885,241.445,0.855,-0.989,261.679
56.563,0.752,-0.885,241.112,0.862,-0.99,262.055
58.246,1.211,-0.953,284.111,1.28,-0.96,286.243
58.297,1.211,-0.953,277.578,1.292,-0.956,286.978
58.348,1.244,-0.949,280.421,1.304,-0.953,287.715
58.399,1.244,-0.949,286.332,1.317,-0.949,288.452
58.450,1.244,-0.949,286.332,1.329,-0.944,289.191
58.501,1.284,-0.940,286.237,1.341,-0.94,289.931
58.552,1.284,-0.940,285.522,1.353,-0.936,290.669
58.603,1.315,-0.934,285.565,1.365,-0.931,291.407
58.654,1.315,-0.934,285.565,1.377,-0.926,292.144
58.705,1.315,-0.934,290.844,1.389,-0.921,292.881
58.756,1.348,-0.926,289.142,1.401,-0.916,293.618
58.807,1.348,-0.926,287.118,1.412,-0.911,294.357
58.858,1.348,-0.926,291.882,1.424,-0.906,295.097
58.909,1.378,-0.918,291.882,1.436,-0.9,295.836
58.960,1.378,-0.918,292.291,1.442,-0.897,296.213
59.011,1.378,-0.918,288.837,1.456,-0.89,297.148
59.113,1.405,-0.911,291.415,1.479,-0.878,298.616
59.215,1.435,-0.903,295.252,1.501,-0.865,300.078
59.317,1.435,-0.903,293.322,1.523,-0.852,301.54
59.368,1.458,-0.898,293.322,1.534,-0.845,302.277
59.419,1.458,-0.898,295.133,1.545,-0.839,303.012
59.470,1.483,-0.893,292.896,1.556,-0.831,303.751
59.521,1.483,-0.893,292.868,1.566,-0.824,304.488
59.572,1.483,-0.893,292.868,1.577,-0.817,305.225
59.623,1.513,-0.877,302.082,1.587,-0.809,305.963
59.674,1.513,-0.877,303.846,1.598,-0.802,306.701
59.725,1.513,-0.877,296.301,1.608,-0.794,307.438
59.776,1.538,-0.873,301.349,1.613,-0.79,307.811
59.827,1.538,-0.873,301.349,1.623,-0.782,308.543
	
