0.022,-0.018,0.001,-0.005,1.0,0.02,0.0
0.026,-0.015,0.232,0.093,0.998,0.04,0.0
0.030,-0.011,0.125,0.064,0.996,0.061,0.0
0.024,-0.007,0.268,0.117,0.99,0.1,0.0
0.016,-0.005,0.075,0.047,0.985,0.12,0.0
-0.003,-0.005,0.195,0.076,0.974,0.159,0.0
-0.024,-0.007,0.003,-0.025,0.967,0.178,0.0
-0.046,-0.014,-0.035,-0.078,0.951,0.215,0.0
-0.074,-0.026,0.037,-0.092,0.942,0.233,0.0
-0.091,-0.040,-0.115,-0.190,0.922,0.268,0.0
-0.112,-0.057,0.017,-0.194,0.911,0.285,0.0
-0.117,-0.075,-0.139,-0.277,0.886,0.317,0.0
-0.116,-0.087,-0.155,-0.301,0.873,0.333,0.0
-0.123,-0.100,-0.055,-0.272,0.859,0.348,0.0
-0.115,-0.100,-0.004,-0.240,0.815,0.389,0.0
-0.100,-0.100,-0.099,-0.272,0.782,0.413,0.0
-0.103,-0.100,-0.001,-0.231,0.765,0.424,0.0
-0.091,-0.100,-0.144,-0.290,0.748,0.434,0.0
-0.078,-0.100,-0.123,-0.268,0.712,0.453,0.0
-0.087,-0.100,-0.044,-0.250,0.693,0.461,0.0
-0.089,-0.100,-0.094,-0.270,0.656,0.475,0.0
-0.074,-0.100,-0.110,-0.268,0.636,0.481,0.0
-0.057,-0.100,-0.230,-0.300,0.617,0.486,0.0
-0.062,-0.100,-0.033,-0.225,0.577,0.494,0.0
-0.046,-0.100,-0.125,-0.237,0.557,0.497,0.0
-0.047,-0.100,-0.085,-0.223,0.517,0.5,0.0
-0.029,-0.100,-0.024,-0.166,0.496,0.5,0.0
-0.027,-0.100,-0.089,-0.191,0.456,0.498,0.0
-0.007,-0.100,-0.017,-0.143,0.436,0.496,0.0
0.010,-0.099,0.011,-0.126,0.416,0.493,0.0
-0.004,-0.099,0.096,-0.098,0.376,0.484,0.0
0.005,-0.098,0.067,-0.120,0.357,0.479,0.0
-0.012,-0.100,0.126,-0.115,0.318,0.466,0.0
-0.013,-0.100,0.207,-0.075,0.3,0.458,0.0
-0.008,-0.100,0.061,-0.143,0.263,0.44,0.0
-0.030,-0.100,0.060,-0.155,0.246,0.431,0.0
-0.032,-0.100,0.067,-0.155,0.212,0.409,0.0
-0.050,-0.100,0.022,-0.179,0.196,0.397,0.0
-0.046,-0.100,0.051,-0.165,0.165,0.371,0.0
-0.035,-0.100,-0.011,-0.193,0.15,0.357,0.0
-0.043,-0.100,0.008,-0.172,0.136,0.342,0.0
-0.025,-0.100,-0.015,-0.185,0.109,0.312,0.0
-0.027,-0.100,-0.018,-0.175,0.097,0.296,0.0
-0.013,-0.100,0.042,-0.142,0.074,0.262,0.0
-0.007,-0.100,-0.081,-0.199,0.064,0.245,0.0
0.003,-0.100,0.216,-0.051,0.054,0.227,0.0
0.025,-0.093,-0.041,-0.125,0.03,0.171,0.0
0.037,-0.087,0.011,-0.091,0.018,0.133,0.0
0.045,-0.080,-0.130,-0.141,0.013,0.113,0.0
0.050,-0.075,0.121,-0.006,0.009,0.093,0.0
0.064,-0.065,-0.008,-0.048,0.003,0.053,0.0
0.069,-0.054,-0.040,-0.031,0.001,0.033,0.0
0.077,-0.043,-0.090,-0.029,0.0,-0.007,0.0
0.084,-0.030,0.029,0.047,0.001,-0.027,0.0
0.088,-0.016,-0.073,0.048,0.005,-0.068,0.0
0.095,-0.007,-0.000,0.080,0.008,-0.088,0.0
0.092,0.007,0.069,0.140,0.012,-0.107,0.0
0.098,0.022,-0.123,0.062,0.022,-0.146,0.0
0.087,0.036,0.108,0.188,0.028,-0.166,0.0
0.082,0.048,-0.071,0.137,0.043,-0.203,0.0
0.075,0.056,0.066,0.179,0.052,-0.222,0.0
0.063,0.065,0.073,0.192,0.061,-0.24,0.0
0.062,0.075,-0.080,0.137,0.082,-0.274,0.0
0.047,0.082,0.071,0.204,0.093,-0.291,0.0
0.046,0.089,-0.098,0.130,0.118,-0.323,0.0
0.031,0.094,0.066,0.199,0.146,-0.353,0.0
0.019,0.096,0.024,0.160,0.146,-0.353,0.0
0.020,0.099,-0.020,0.160,0.175,-0.38,0.0
0.009,0.100,0.044,0.183,0.191,-0.393,0.0
0.016,0.100,-0.037,0.151,0.224,-0.417,0.0
0.007,0.100,0.127,0.219,0.241,-0.428,0.0
0.022,0.100,0.033,0.178,0.278,-0.448,0.0
0.015,0.100,0.323,0.294,0.297,-0.457,0.0
0.006,0.100,0.178,0.227,0.316,-0.465,0.0
0.019,0.100,0.042,0.176,0.354,-0.478,0.0
0.002,0.100,0.094,0.190,0.373,-0.484,0.0
0.009,0.100,-0.053,0.135,0.413,-0.492,0.0
-0.001,0.100,-0.040,0.130,0.433,-0.495,0.0
-0.012,0.098,-0.034,0.119,0.473,-0.499,0.0
0.000,0.098,-0.016,0.140,0.493,-0.5,0.0
-0.003,0.098,0.025,0.154,0.534,-0.499,0.0
0.023,0.100,-0.004,0.171,0.554,-0.497,0.0
0.020,0.100,0.088,0.202,0.594,-0.491,0.0
0.023,0.100,0.009,0.178,0.614,-0.487,0.0
0.040,0.100,0.077,0.217,0.633,-0.482,0.0
0.037,0.100,-0.013,0.185,0.672,-0.47,0.0
0.049,0.100,0.060,0.218,0.691,-0.462,0.0
0.042,0.100,0.060,0.220,0.762,-0.426,0.0
0.034,0.100,-0.046,0.167,0.796,-0.403,0.0
0.049,0.100,0.029,0.223,0.812,-0.391,0.0
0.042,0.100,-0.018,0.188,0.842,-0.364,0.0
0.056,0.100,0.028,0.236,0.857,-0.35,0.0
0.049,0.100,-0.052,0.192,0.871,-0.336,0.0
0.050,0.100,0.018,0.222,0.897,-0.305,0.0
0.040,0.100,-0.107,0.161,0.909,-0.288,0.0
0.036,0.100,0.035,0.208,0.93,-0.254,0.0
0.024,0.100,-0.128,0.133,0.94,-0.237,0.0
0.018,0.100,0.059,0.190,0.958,-0.2,0.0
0.005,0.100,-0.140,0.107,0.966,-0.182,0.0
-0.012,0.098,-0.011,0.124,0.973,-0.163,0.0
-0.018,0.095,0.083,0.154,0.984,-0.124,0.0
-0.030,0.091,-0.022,0.099,0.989,-0.104,0.0
-0.039,0.085,0.143,0.130,0.996,-0.064,0.0
-0.050,0.080,-0.137,0.023,0.998,-0.044,0.0
-0.066,0.070,-0.031,0.029,0.999,-0.024,0.0
-0.081,0.057,0.020,0.026,1.0,0.017,0.0
	
